{
    "aabb": [
        [
            -0.5,
            -0.5,
            -0.5
        ],
        [
            0.5,
            0.5,
            0.5
        ]
    ],
    "scale": 47.486897894718965,
    "offset": [
        -24.463056564331055,
        -30.345211029052734,
        4.173006534576416
    ],
    "frames": [
        {
            "file_path": "000.png",
            "camera_angle_x": 0.3087429277919044,
            "proj_type": 0,
            "azimuth": 4.081466042356789,
            "elevation": -1.1023271040280755,
            "cam_dis": 5.632353366238478,
            "transform_matrix": [
                [
                    0.807483434677124,
                    -0.5263358354568481,
                    -0.26634782552719116,
                    -1.5001651048660278
                ],
                [
                    -0.5898903012275696,
                    -0.7204857468605042,
                    -0.3645956814289093,
                    -2.0535318851470947
                ],
                [
                    -1.3422974731724935e-08,
                    0.4515209496021271,
                    -0.8922606706619263,
                    -5.025526523590088
                ],
                [
                    0,
                    0,
                    0,
                    1
                ]
            ]
        },
        {
            "file_path": "001.png",
            "camera_angle_x": 0.8260626041868316,
            "proj_type": 0,
            "azimuth": 7.223058695946582,
            "elevation": -0.8118969938618662,
            "cam_dis": 2.157579069246092,
            "transform_matrix": [
                [
                    -0.8074833750724792,
                    0.42802077531814575,
                    0.405917227268219,
                    0.8757984638214111
                ],
                [
                    0.5898903012275696,
                    0.5859049558639526,
                    0.5556480884552002,
                    1.198854684829712
                ],
                [
                    -7.322878303739344e-09,
                    0.6881232261657715,
                    -0.7255938649177551,
                    -1.5655261278152466
                ],
                [
                    0,
                    0,
                    0,
                    1
                ]
            ]
        },
        {
            "file_path": "002.png",
            "camera_angle_x": 1.1259852562012762,
            "proj_type": 0,
            "azimuth": 5.652262369151686,
            "elevation": -0.5930914574924178,
            "cam_dis": 1.6226232534852492,
            "transform_matrix": [
                [
                    0.5898903012275696,
                    0.4513244330883026,
                    0.6695787310600281,
                    1.086474061012268
                ],
                [
                    0.8074833750724792,
                    -0.32970568537712097,
                    -0.4891468286514282,
                    -0.7937011122703552
                ],
                [
                    3.037959217522257e-08,
                    0.8292166590690613,
                    -0.5589271783828735,
                    -0.9069282412528992
                ],
                [
                    0,
                    0,
                    0,
                    1
                ]
            ]
        },
        {
            "file_path": "003.png",
            "camera_angle_x": 1.0908824072263181,
            "proj_type": 0,
            "azimuth": 8.793855022741479,
            "elevation": -0.4030877759433662,
            "cam_dis": 1.66930070796008,
            "transform_matrix": [
                [
                    -0.5898902416229248,
                    -0.3167438805103302,
                    -0.7427669763565063,
                    -1.2399014234542847
                ],
                [
                    -0.8074833750724792,
                    0.23139066994190216,
                    0.5426130294799805,
                    0.9057843089103699
                ],
                [
                    -2.4212276628077234e-08,
                    0.9198541045188904,
                    -0.39226049184799194,
                    -0.6548007726669312
                ],
                [
                    0,
                    0,
                    0,
                    1
                ]
            ]
        },
        {
            "file_path": "004.png",
            "camera_angle_x": 1.1206531155660042,
            "proj_type": 0,
            "azimuth": 4.866864205754237,
            "elevation": -0.227552551410648,
            "cam_dis": 1.6295125954951148,
            "transform_matrix": [
                [
                    0.9880924224853516,
                    0.03471023216843605,
                    0.14989528059959412,
                    0.24425622820854187
                ],
                [
                    0.1538616120815277,
                    -0.22290749847888947,
                    -0.962620735168457,
                    -1.5686026811599731
                ],
                [
                    -8.082077229687457e-10,
                    0.974221408367157,
                    -0.22559377551078796,
                    -0.3676080107688904
                ],
                [
                    0,
                    0,
                    0,
                    1
                ]
            ]
        },
        {
            "file_path": "005.png",
            "camera_angle_x": 0.2997932824263885,
            "proj_type": 0,
            "azimuth": 8.00845685934403,
            "elevation": -0.05896133465240205,
            "cam_dis": 5.799176283346936,
            "transform_matrix": [
                [
                    -0.9880923628807068,
                    -0.009066621772944927,
                    -0.1535942107439041,
                    -0.890720009803772
                ],
                [
                    -0.15386158227920532,
                    0.05822564288973808,
                    0.9863753318786621,
                    5.720164775848389
                ],
                [
                    2.5525661584424597e-08,
                    0.9982622265815735,
                    -0.0589272603392601,
                    -0.3417291045188904
                ],
                [
                    0,
                    0,
                    0,
                    1
                ]
            ]
        },
        {
            "file_path": "006.png",
            "camera_angle_x": 0.7795598430967479,
            "proj_type": 0,
            "azimuth": 6.437660532549134,
            "elevation": 0.035920887234793586,
            "cam_dis": 2.2791050646302646,
            "transform_matrix": [
                [
                    -0.15386149287223816,
                    -0.03548558056354523,
                    0.9874550104141235,
                    2.250513792037964
                ],
                [
                    0.9880924224853516,
                    -0.005525724031031132,
                    0.15376222133636475,
                    0.35044053196907043
                ],
                [
                    4.670943098972202e-08,
                    0.999354898929596,
                    0.03591321408748627,
                    0.08184987306594849
                ],
                [
                    0,
                    0,
                    0,
                    1
                ]
            ]
        },
        {
            "file_path": "007.png",
            "camera_angle_x": 1.1206937310858853,
            "proj_type": 0,
            "azimuth": 9.579253186138926,
            "elevation": 0.09159674695739284,
            "cam_dis": 1.6294598536573135,
            "transform_matrix": [
                [
                    0.1538616120815277,
                    0.09037953615188599,
                    -0.9839503169059753,
                    -1.6033074855804443
                ],
                [
                    -0.9880924224853516,
                    0.014073412865400314,
                    -0.1532166451215744,
                    -0.24966029822826385
                ],
                [
                    -9.405600565060013e-08,
                    0.995807945728302,
                    0.0914686769247055,
                    0.14904460310935974
                ],
                [
                    0,
                    0,
                    0,
                    1
                ]
            ]
        },
        {
            "file_path": "008.png",
            "camera_angle_x": 0.6045108545249145,
            "proj_type": 0,
            "azimuth": 4.474165124055513,
            "elevation": 0.1475591764570039,
            "cam_dis": 2.9093067634472978,
            "transform_matrix": [
                [
                    0.9717586636543274,
                    0.034694332629442215,
                    -0.23341263830661774,
                    -0.679068922996521
                ],
                [
                    -0.23597703874111176,
                    0.14287199079990387,
                    -0.9611985087394714,
                    -2.7964210510253906
                ],
                [
                    6.297472765481871e-09,
                    0.9891330003738403,
                    0.14702415466308594,
                    0.4277387261390686
                ],
                [
                    0,
                    0,
                    0,
                    1
                ]
            ]
        },
        {
            "file_path": "009.png",
            "camera_angle_x": 0.7477525371197634,
            "proj_type": 0,
            "azimuth": 7.615757777645306,
            "elevation": 0.20399165930741203,
            "cam_dis": 2.371199873538173,
            "transform_matrix": [
                [
                    -0.9717587232589722,
                    -0.047804173082113266,
                    0.23108424246311188,
                    0.5479468703269958
                ],
                [
                    0.23597703874111176,
                    -0.19685867428779602,
                    0.9516100287437439,
                    2.2564573287963867
                ],
                [
                    -2.2072264016514964e-09,
                    0.9792658090591431,
                    0.20257970690727234,
                    0.48035725951194763
                ],
                [
                    0,
                    0,
                    0,
                    1
                ]
            ]
        },
        {
            "file_path": "010.png",
            "camera_angle_x": 0.785118163507499,
            "proj_type": 0,
            "azimuth": 6.044961450850409,
            "elevation": 0.2610916779337198,
            "cam_dis": 2.26379860139573,
            "transform_matrix": [
                [
                    0.23597705364227295,
                    -0.2508453130722046,
                    0.938824474811554,
                    2.125309705734253
                ],
                [
                    0.9717586040496826,
                    0.06091408059000969,
                    -0.22797946631908417,
                    -0.5160995721817017
                ],
                [
                    -3.761602584972934e-08,
                    0.9661087393760681,
                    0.2581354081630707,
                    0.584366500377655
                ],
                [
                    0,
                    0,
                    0,
                    1
                ]
            ]
        },
        {
            "file_path": "011.png",
            "camera_angle_x": 0.8148900506129834,
            "proj_type": 0,
            "azimuth": 9.186554104440203,
            "elevation": 0.31907769319691326,
            "cam_dis": 2.185471392140857,
            "transform_matrix": [
                [
                    -0.23597703874111176,
                    0.30483195185661316,
                    -0.9227093458175659,
                    -2.016554594039917
                ],
                [
                    -0.9717587232589722,
                    -0.07402390241622925,
                    0.22406606376171112,
                    0.48969006538391113
                ],
                [
                    1.988703246524892e-08,
                    0.9495251774787903,
                    0.3136909306049347,
                    0.6855625510215759
                ],
                [
                    0,
                    0,
                    0,
                    1
                ]
            ]
        },
        {
            "file_path": "012.png",
            "camera_angle_x": 0.9981769009373195,
            "proj_type": 0,
            "azimuth": 5.259563287452961,
            "elevation": 0.37819808802099564,
            "cam_dis": 1.809401341362065,
            "transform_matrix": [
                [
                    0.853998064994812,
                    -0.19211018085479736,
                    0.48350900411605835,
                    0.8748618960380554
                ],
                [
                    0.5202761888504028,
                    0.31533581018447876,
                    -0.793647289276123,
                    -1.4360264539718628
                ],
                [
                    7.885576636113001e-09,
                    0.9293314814567566,
                    0.36924654245376587,
                    0.6681150794029236
                ],
                [
                    0,
                    0,
                    0,
                    1
                ]
            ]
        },
        {
            "file_path": "013.png",
            "camera_angle_x": 1.1805697085035929,
            "proj_type": 0,
            "azimuth": 8.401155941042754,
            "elevation": 0.43874321623245427,
            "cam_dis": 1.5559270330254669,
            "transform_matrix": [
                [
                    -0.8539982438087463,
                    0.2210143804550171,
                    -0.4709988832473755,
                    -0.7328398823738098
                ],
                [
                    -0.5202761888504028,
                    -0.36278024315834045,
                    0.7731127738952637,
                    1.2029069662094116
                ],
                [
                    -8.776918747344098e-09,
                    0.9052863121032715,
                    0.4248020052909851,
                    0.6609609723091125
                ],
                [
                    0,
                    0,
                    0,
                    1
                ]
            ]
        },
        {
            "file_path": "014.png",
            "camera_angle_x": 0.2802558805365959,
            "proj_type": 0,
            "azimuth": 6.8303596142478575,
            "elevation": 0.501062395154114,
            "cam_dis": 6.200520022014033,
            "transform_matrix": [
                [
                    -0.5202763080596924,
                    -0.4102244973182678,
                    0.7490184903144836,
                    4.644303798675537
                ],
                [
                    0.8539981842041016,
                    -0.24991872906684875,
                    0.4563200771808624,
                    2.8294215202331543
                ],
                [
                    2.34693118272844e-08,
                    0.877072811126709,
                    0.4803575277328491,
                    2.9784669876098633
                ],
                [
                    0,
                    0,
                    0,
                    1
                ]
            ]
        },
        {
            "file_path": "015.png",
            "camera_angle_x": 1.1842392969110018,
            "proj_type": 0,
            "azimuth": 9.97195226783765,
            "elevation": 0.5655889728654975,
            "cam_dis": 1.5516801717618878,
            "transform_matrix": [
                [
                    0.5202761888504028,
                    0.4576687216758728,
                    -0.7210076451301575,
                    -1.1187732219696045
                ],
                [
                    -0.853998064994812,
                    0.27882274985313416,
                    -0.4392552673816681,
                    -0.68158358335495
                ],
                [
                    -3.43673178804238e-08,
                    0.8442732095718384,
                    0.5359130501747131,
                    0.8315658569335938
                ],
                [
                    0,
                    0,
                    0,
                    1
                ]
            ]
        },
        {
            "file_path": "016.png",
            "camera_angle_x": 1.0756877755997891,
            "proj_type": 0,
            "azimuth": 4.27781558320615,
            "elevation": 0.6328791167256669,
            "cam_dis": 1.6905132673689125,
            "transform_matrix": [
                [
                    0.9070497155189514,
                    0.2490222305059433,
                    -0.33948299288749695,
                    -0.5739005208015442
                ],
                [
                    -0.42102348804473877,
                    0.5364915728569031,
                    -0.7313795685768127,
                    -1.2364068031311035
                ],
                [
                    -2.5118200852602968e-09,
                    0.8063279390335083,
                    0.5914686918258667,
                    0.9998857378959656
                ],
                [
                    0,
                    0,
                    0,
                    1
                ]
            ]
        },
        {
            "file_path": "017.png",
            "camera_angle_x": 0.5532755766954496,
            "proj_type": 0,
            "azimuth": 7.4194082367959435,
            "elevation": 0.7036751945311615,
            "cam_dis": 3.170827692614368,
            "transform_matrix": [
                [
                    -0.907049834728241,
                    -0.27241241931915283,
                    0.3210175037384033,
                    1.01789128780365
                ],
                [
                    0.42102348804473877,
                    -0.5868832468986511,
                    0.6915977001190186,
                    2.192937135696411
                ],
                [
                    -1.70621596851106e-08,
                    0.762469470500946,
                    0.6470242738723755,
                    2.051602602005005
                ],
                [
                    0,
                    0,
                    0,
                    1
                ]
            ]
        },
        {
            "file_path": "018.png",
            "camera_angle_x": 1.107897424639515,
            "proj_type": 0,
            "azimuth": 5.848611910001047,
            "elevation": 0.7790164070202112,
            "cam_dis": 1.6462811427178259,
            "transform_matrix": [
                [
                    0.42102354764938354,
                    -0.6372748017311096,
                    0.6454610824584961,
                    1.062610387802124
                ],
                [
                    0.9070497155189514,
                    0.29580265283584595,
                    -0.2996024489402771,
                    -0.49322977662086487
                ],
                [
                    -1.3234604523404414e-08,
                    0.7116049528121948,
                    0.7025797963142395,
                    1.1566438674926758
                ],
                [
                    0,
                    0,
                    0,
                    1
                ]
            ]
        },
        {
            "file_path": "019.png",
            "camera_angle_x": 0.9621171771112598,
            "proj_type": 0,
            "azimuth": 8.99020456359084,
            "elevation": 0.8604489297499418,
            "cam_dis": 1.871605664100593,
            "transform_matrix": [
                [
                    -0.42102372646331787,
                    0.6876665353775024,
                    -0.591484546661377,
                    -1.1070258617401123
                ],
                [
                    -0.9070497751235962,
                    -0.3191930651664734,
                    0.2745482325553894,
                    0.5138460397720337
                ],
                [
                    -7.505906296501053e-08,
                    0.6520971655845642,
                    0.7581354379653931,
                    1.4189305305480957
                ],
                [
                    0,
                    0,
                    0,
                    1
                ]
            ]
        },
        {
            "file_path": "020.png",
            "camera_angle_x": 1.1546841689192464,
            "proj_type": 0,
            "azimuth": 5.063213746603599,
            "elevation": 0.9504736722460878,
            "cam_dis": 1.586711939804118,
            "transform_matrix": [
                [
                    0.9390895962715149,
                    -0.279643177986145,
                    0.19977600872516632,
                    0.31698697805404663
                ],
                [
                    0.3436724543571472,
                    0.7641286849975586,
                    -0.5458906292915344,
                    -0.8661711812019348
                ],
                [
                    4.945653664378824e-09,
                    0.5812976956367493,
                    0.8136909604072571,
                    1.291093111038208
                ],
                [
                    0,
                    0,
                    0,
                    1
                ]
            ]
        },
        {
            "file_path": "021.png",
            "camera_angle_x": 0.7984033359110053,
            "proj_type": 0,
            "azimuth": 8.204806400193393,
            "elevation": 1.0536761300627497,
            "cam_dis": 2.2281026278585587,
            "transform_matrix": [
                [
                    -0.9390895962715149,
                    0.298736035823822,
                    -0.16990439593791962,
                    -0.3785644769668579
                ],
                [
                    -0.34367239475250244,
                    -0.8163003921508789,
                    0.4642660915851593,
                    1.0344325304031372
                ],
                [
                    -1.374650793195542e-08,
                    0.4943788945674896,
                    0.8692464828491211,
                    1.9367704391479492
                ],
                [
                    0,
                    0,
                    0,
                    1
                ]
            ]
        },
        {
            "file_path": "022.png",
            "camera_angle_x": 0.9955897463179935,
            "proj_type": 0,
            "azimuth": 6.634010073398495,
            "elevation": 1.1805149624258053,
            "cam_dis": 1.813706813126542,
            "transform_matrix": [
                [
                    -0.343672513961792,
                    -0.8684719800949097,
                    0.3572753369808197,
                    0.647992730140686
                ],
                [
                    0.9390895962715149,
                    -0.31782907247543335,
                    0.13074971735477448,
                    0.2371416538953781
                ],
                [
                    4.01964861396209e-09,
                    0.3804486393928528,
                    0.9248020648956299,
                    1.6773197650909424
                ],
                [
                    0,
                    0,
                    0,
                    1
                ]
            ]
        },
        {
            "file_path": "023.png",
            "camera_angle_x": 0.21079621219977412,
            "proj_type": 0,
            "azimuth": 9.77560272698829,
            "elevation": 1.3722665528806135,
            "cam_dis": 8.231940097300429,
            "transform_matrix": [
                [
                    0.3436722755432129,
                    0.9206437468528748,
                    -0.1852150410413742,
                    -1.524678349494934
                ],
                [
                    -0.9390897154808044,
                    0.33692172169685364,
                    -0.06778198480606079,
                    -0.5579765439033508
                ],
                [
                    -6.631304927395831e-08,
                    0.1972283124923706,
                    0.9803575873374939,
                    8.070244789123535
                ],
                [
                    0,
                    0,
                    0,
                    1
                ]
            ]
        }
    ]
}