{
    "aabb": [
        [
            -0.5,
            -0.5,
            -0.5
        ],
        [
            0.5,
            0.5,
            0.5
        ]
    ],
    "scale": 0.5,
    "offset": [
        -0.0,
        -0.0,
        -0.0
    ],
    "frames": [
        {
            "file_path": "000.png",
            "camera_angle_x": 0.7990042516498573,
            "proj_type": 0,
            "azimuth": 4.4077067333834785,
            "elevation": -1.0467113259586194,
            "cam_dis": 2.2265169263923923,
            "transform_matrix": [
                [
                    0.9539422988891602,
                    -0.25972604751586914,
                    -0.15012134611606598,
                    -0.3342477083206177
                ],
                [
                    -0.29999005794525146,
                    -0.8259062767028809,
                    -0.47737276554107666,
                    -1.0628786087036133
                ],
                [
                    -1.2729228338059784e-08,
                    0.5004209876060486,
                    -0.8657822012901306,
                    -1.9276787042617798
                ],
                [
                    0,
                    0,
                    0,
                    1
                ]
            ]
        },
        {
            "file_path": "001.png",
            "camera_angle_x": 1.1815695445447882,
            "proj_type": 0,
            "azimuth": 7.549299386973272,
            "elevation": -0.7741597304213278,
            "cam_dis": 1.5547670887217682,
            "transform_matrix": [
                [
                    -0.9539424180984497,
                    0.2097277045249939,
                    0.21449553966522217,
                    0.3334905803203583
                ],
                [
                    0.29999008774757385,
                    0.6669158339500427,
                    0.682077169418335,
                    1.0604710578918457
                ],
                [
                    -1.4389888391974637e-08,
                    0.7150087952613831,
                    -0.6991155743598938,
                    -1.0869617462158203
                ],
                [
                    0,
                    0,
                    0,
                    1
                ]
            ]
        },
        {
            "file_path": "002.png",
            "camera_angle_x": 0.8832471892370535,
            "proj_type": 0,
            "azimuth": 5.978503060178375,
            "elevation": -0.5614909894649982,
            "cam_dis": 2.026227168743592,
            "transform_matrix": [
                [
                    0.2999900281429291,
                    0.5079255104064941,
                    0.8074761033058167,
                    1.6361299753189087
                ],
                [
                    0.9539423584938049,
                    -0.15972939133644104,
                    -0.25393015146255493,
                    -0.5145203471183777
                ],
                [
                    5.900580291040569e-08,
                    0.8464621305465698,
                    -0.5324488878250122,
                    -1.0788623094558716
                ],
                [
                    0,
                    0,
                    0,
                    1
                ]
            ]
        },
        {
            "file_path": "003.png",
            "camera_angle_x": 0.8837277491064391,
            "proj_type": 0,
            "azimuth": 9.120095713768169,
            "elevation": -0.37447309463258316,
            "cam_dis": 2.0251979337441024,
            "transform_matrix": [
                [
                    -0.29999011754989624,
                    -0.3489350974559784,
                    -0.8878345489501953,
                    -1.798040747642517
                ],
                [
                    -0.9539422988891602,
                    0.10973116010427475,
                    0.2792009115219116,
                    0.5654370784759521
                ],
                [
                    9.841006942679087e-08,
                    0.9307004809379578,
                    -0.3657822012901306,
                    -0.740781307220459
                ],
                [
                    0,
                    0,
                    0,
                    1
                ]
            ]
        },
        {
            "file_path": "004.png",
            "camera_angle_x": 1.0986502019461621,
            "proj_type": 0,
            "azimuth": 5.193104896780927,
            "elevation": -0.20045528738441032,
            "cam_dis": 1.6586974284953528,
            "transform_matrix": [
                [
                    0.886664092540741,
                    0.09207379072904587,
                    0.4531547427177429,
                    0.7516465187072754
                ],
                [
                    0.46241408586502075,
                    -0.176548570394516,
                    -0.8689096570014954,
                    -1.4412580728530884
                ],
                [
                    -2.062915527289988e-08,
                    0.9799761176109314,
                    -0.19911551475524902,
                    -0.3302724063396454
                ],
                [
                    0,
                    0,
                    0,
                    1
                ]
            ]
        },
        {
            "file_path": "005.png",
            "camera_angle_x": 0.5980757312806431,
            "proj_type": 0,
            "azimuth": 8.33469755037072,
            "elevation": -0.03245455255674634,
            "cam_dis": 2.9396562616907143,
            "transform_matrix": [
                [
                    -0.8866641521453857,
                    -0.015004785731434822,
                    -0.4621705710887909,
                    -1.3586225509643555
                ],
                [
                    -0.46241405606269836,
                    0.028771216049790382,
                    0.8861972093582153,
                    2.6051151752471924
                ],
                [
                    2.2790556997165368e-08,
                    0.9994734525680542,
                    -0.03244888037443161,
                    -0.09538847953081131
                ],
                [
                    0,
                    0,
                    0,
                    1
                ]
            ]
        },
        {
            "file_path": "006.png",
            "camera_angle_x": 1.1498986176579946,
            "proj_type": 0,
            "azimuth": 6.763901223575823,
            "elevation": 0.044754208895760206,
            "cam_dis": 1.5925666524962416,
            "transform_matrix": [
                [
                    -0.4624139964580536,
                    -0.039668697863817215,
                    0.8857762813568115,
                    1.4106577634811401
                ],
                [
                    0.886664092540741,
                    -0.02068810909986496,
                    0.46195101737976074,
                    0.7356878519058228
                ],
                [
                    6.173137023779418e-08,
                    0.9989986419677734,
                    0.04473932087421417,
                    0.07125026732683182
                ],
                [
                    0,
                    0,
                    0,
                    1
                ]
            ]
        },
        {
            "file_path": "007.png",
            "camera_angle_x": 0.21586321557294633,
            "proj_type": 0,
            "azimuth": 9.905493877165616,
            "elevation": 0.10046373681095999,
            "cam_dis": 8.039434706606645,
            "transform_matrix": [
                [
                    0.46241411566734314,
                    0.08892777562141418,
                    -0.8821933269500732,
                    -7.0923357009887695
                ],
                [
                    -0.886664092540741,
                    0.04637778177857399,
                    -0.4600825011730194,
                    -3.698802947998047
                ],
                [
                    6.220470538664813e-08,
                    0.9949577450752258,
                    0.1002947986125946,
                    0.806313693523407
                ],
                [
                    0,
                    0,
                    0,
                    1
                ]
            ]
        },
        {
            "file_path": "008.png",
            "camera_angle_x": 0.9968702396730204,
            "proj_type": 0,
            "azimuth": 4.800405815082203,
            "elevation": 0.1564882961316294,
            "cam_dis": 1.8115729143720378,
            "transform_matrix": [
                [
                    0.996129035949707,
                    -0.013699759729206562,
                    0.08682911098003387,
                    0.1572972685098648
                ],
                [
                    0.08790323138237,
                    0.15524715185165405,
                    -0.9839569926261902,
                    -1.7825098037719727
                ],
                [
                    -1.6032082328365505e-09,
                    0.9877806901931763,
                    0.15585045516490936,
                    0.2823343276977539
                ],
                [
                    0,
                    0,
                    0,
                    1
                ]
            ]
        },
        {
            "file_path": "009.png",
            "camera_angle_x": 0.7988419320061544,
            "proj_type": 0,
            "azimuth": 7.941998468671996,
            "elevation": 0.21301318492770904,
            "cam_dis": 2.2269450144712977,
            "transform_matrix": [
                [
                    -0.9961291551589966,
                    0.0185832716524601,
                    -0.08591648191213608,
                    -0.19133126735687256
                ],
                [
                    -0.08790323883295059,
                    -0.21058768033981323,
                    0.9736149311065674,
                    2.168186664581299
                ],
                [
                    3.7893177484704665e-09,
                    0.9773983955383301,
                    0.2114059031009674,
                    0.4707894027233124
                ],
                [
                    0,
                    0,
                    0,
                    1
                ]
            ]
        },
        {
            "file_path": "010.png",
            "camera_angle_x": 0.5916608100649364,
            "proj_type": 0,
            "azimuth": 6.3712021418771,
            "elevation": 0.2702387118501104,
            "cam_dis": 2.9705782612112643,
            "transform_matrix": [
                [
                    -0.08790323138237,
                    -0.26592808961868286,
                    0.9599767327308655,
                    2.8516860008239746
                ],
                [
                    0.996129035949707,
                    -0.023466764017939568,
                    0.08471297472715378,
                    0.2516465485095978
                ],
                [
                    -2.344875582593886e-08,
                    0.9637072086334229,
                    0.2669614851474762,
                    0.7930300235748291
                ],
                [
                    0,
                    0,
                    0,
                    1
                ]
            ]
        },
        {
            "file_path": "011.png",
            "camera_angle_x": 0.6431771338632493,
            "proj_type": 0,
            "azimuth": 9.512794795466892,
            "elevation": 0.3283874299365408,
            "cam_dis": 2.7399443333785523,
            "transform_matrix": [
                [
                    0.08790312707424164,
                    0.3212685286998749,
                    -0.9428995847702026,
                    -2.5834922790527344
                ],
                [
                    -0.996129035949707,
                    0.02835019864141941,
                    -0.08320595324039459,
                    -0.22797982394695282
                ],
                [
                    -3.165432715945826e-08,
                    0.946563720703125,
                    0.32251694798469543,
                    0.8836787343025208
                ],
                [
                    0,
                    0,
                    0,
                    1
                ]
            ]
        },
        {
            "file_path": "012.png",
            "camera_angle_x": 1.156815690582003,
            "proj_type": 0,
            "azimuth": 5.585803978479651,
            "elevation": 0.3877134839692098,
            "cam_dis": 1.5841209522128141,
            "transform_matrix": [
                [
                    0.6422125697135925,
                    -0.2898026406764984,
                    0.7096319198608398,
                    1.1241426467895508
                ],
                [
                    0.7665266394615173,
                    0.24280279874801636,
                    -0.5945450663566589,
                    -0.9418311715126038
                ],
                [
                    6.578788713795802e-08,
                    0.9257760643959045,
                    0.3780724108219147,
                    0.5989127159118652
                ],
                [
                    0,
                    0,
                    0,
                    1
                ]
            ]
        },
        {
            "file_path": "013.png",
            "camera_angle_x": 0.8525873466728402,
            "proj_type": 0,
            "azimuth": 8.727396632069444,
            "elevation": 0.44851529767227305,
            "cam_dis": 2.094383192740323,
            "transform_matrix": [
                [
                    -0.6422126293182373,
                    0.3323875069618225,
                    -0.6907108426094055,
                    -1.4466131925582886
                ],
                [
                    -0.7665265202522278,
                    -0.27848145365715027,
                    0.578692615032196,
                    1.2120040655136108
                ],
                [
                    2.7329630114536485e-08,
                    0.9010918736457825,
                    0.4336281716823578,
                    0.9081835150718689
                ],
                [
                    0,
                    0,
                    0,
                    1
                ]
            ]
        },
        {
            "file_path": "014.png",
            "camera_angle_x": 1.0272171015422014,
            "proj_type": 0,
            "azimuth": 7.156600305274548,
            "elevation": 0.5111535942107901,
            "cam_dis": 1.7626382050630176,
            "transform_matrix": [
                [
                    -0.7665266394615173,
                    -0.31415995955467224,
                    0.5601255297660828,
                    0.9872986078262329
                ],
                [
                    0.6422126293182373,
                    -0.3749724328517914,
                    0.6685497164726257,
                    1.1784112453460693
                ],
                [
                    4.9401585044961394e-08,
                    0.8721807599067688,
                    0.4891837537288666,
                    0.8622539043426514
                ],
                [
                    0,
                    0,
                    0,
                    1
                ]
            ]
        },
        {
            "file_path": "015.png",
            "camera_angle_x": 0.9352917782308781,
            "proj_type": 0,
            "azimuth": 10.298192958864341,
            "elevation": 0.5760781747889032,
            "cam_dis": 1.921144522077301,
            "transform_matrix": [
                [
                    0.7665265202522278,
                    0.3498384654521942,
                    -0.5385630130767822,
                    -1.03465735912323
                ],
                [
                    -0.6422126293182373,
                    0.4175570607185364,
                    -0.6428133845329285,
                    -1.234937310218811
                ],
                [
                    -1.4505722845115088e-08,
                    0.838605523109436,
                    0.5447392463684082,
                    1.046522855758667
                ],
                [
                    0,
                    0,
                    0,
                    1
                ]
            ]
        },
        {
            "file_path": "016.png",
            "camera_angle_x": 0.6224905412871308,
            "proj_type": 0,
            "azimuth": 4.604056274232841,
            "elevation": 0.6438696921894103,
            "cam_dis": 2.8278905697805232,
            "transform_matrix": [
                [
                    0.9941377639770508,
                    0.06490444391965866,
                    -0.08647283911705017,
                    -0.24453569948673248
                ],
                [
                    -0.10812094807624817,
                    0.5967757105827332,
                    -0.7950903177261353,
                    -2.2484283447265625
                ],
                [
                    -1.9161201514350523e-09,
                    0.7997788190841675,
                    0.600294828414917,
                    1.6975680589675903
                ],
                [
                    0,
                    0,
                    0,
                    1
                ]
            ]
        },
        {
            "file_path": "017.png",
            "camera_angle_x": 0.537226902724144,
            "proj_type": 0,
            "azimuth": 7.745648927822634,
            "elevation": 0.7153085659030274,
            "cam_dis": 3.26315809526833,
            "transform_matrix": [
                [
                    -0.9941378235816956,
                    -0.07091116160154343,
                    0.0816195160150528,
                    0.2663373649120331
                ],
                [
                    0.10812094062566757,
                    -0.652005672454834,
                    0.7504656314849854,
                    2.448887825012207
                ],
                [
                    -3.4539460180837978e-09,
                    0.7548909783363342,
                    0.655850350856781,
                    2.140143394470215
                ],
                [
                    0,
                    0,
                    0,
                    1
                ]
            ]
        },
        {
            "file_path": "018.png",
            "camera_angle_x": 1.0856817554283253,
            "proj_type": 0,
            "azimuth": 6.174852601027737,
            "elevation": 0.7914967219013826,
            "cam_dis": 1.6764900523621362,
            "transform_matrix": [
                [
                    0.10812094807624817,
                    -0.7072355151176453,
                    0.6986614465713501,
                    1.1712989807128906
                ],
                [
                    0.9941377639770508,
                    0.076917864382267,
                    -0.07598540186882019,
                    -0.12738871574401855
                ],
                [
                    2.23077982752784e-08,
                    0.7027813196182251,
                    0.7114059329032898,
                    1.1926649808883667
                ],
                [
                    0,
                    0,
                    0,
                    1
                ]
            ]
        },
        {
            "file_path": "019.png",
            "camera_angle_x": 1.176958560955293,
            "proj_type": 0,
            "azimuth": 9.31644525461753,
            "elevation": 0.8740925171597431,
            "cam_dis": 1.5601341569487124,
            "transform_matrix": [
                [
                    -0.10812097787857056,
                    0.7624654173851013,
                    -0.6379314064979553,
                    -0.9952585101127625
                ],
                [
                    -0.9941378235816956,
                    -0.08292462676763535,
                    0.06938045471906662,
                    0.10824282467365265
                ],
                [
                    2.1204483502401672e-08,
                    0.6416931748390198,
                    0.7669614553451538,
                    1.1965627670288086
                ],
                [
                    0,
                    0,
                    0,
                    1
                ]
            ]
        },
        {
            "file_path": "020.png",
            "camera_angle_x": 0.7502488647916478,
            "proj_type": 0,
            "azimuth": 5.389454437630289,
            "elevation": 0.9658226134070764,
            "cam_dis": 2.3636818547445313,
            "transform_matrix": [
                [
                    0.7794145345687866,
                    -0.515313982963562,
                    0.35632073879241943,
                    0.8422288298606873
                ],
                [
                    0.6265085339546204,
                    0.6410817503929138,
                    -0.4432846009731293,
                    -1.0477837324142456
                ],
                [
                    4.942297948673513e-08,
                    0.5687404274940491,
                    0.8225170373916626,
                    1.9441685676574707
                ],
                [
                    0,
                    0,
                    0,
                    1
                ]
            ]
        },
        {
            "file_path": "021.png",
            "camera_angle_x": 1.0512982512611533,
            "proj_type": 0,
            "azimuth": 8.531047091220081,
            "elevation": 1.0718194287928586,
            "cam_dis": 1.7259251437379275,
            "transform_matrix": [
                [
                    -0.7794147729873657,
                    0.5501200556755066,
                    -0.2998014986515045,
                    -0.5174349546432495
                ],
                [
                    -0.6265085935592651,
                    -0.6843827962875366,
                    0.3729712665081024,
                    0.6437204480171204
                ],
                [
                    1.6870774999233618e-08,
                    0.4785274565219879,
                    0.8780726194381714,
                    1.515487551689148
                ],
                [
                    0,
                    0,
                    0,
                    1
                ]
            ]
        },
        {
            "file_path": "022.png",
            "camera_angle_x": 0.8985219488460758,
            "proj_type": 0,
            "azimuth": 6.960250764425186,
            "elevation": 1.2044104019124355,
            "cam_dis": 1.994072023150379,
            "transform_matrix": [
                [
                    -0.626508355140686,
                    -0.727683424949646,
                    0.27922025322914124,
                    0.5567853450775146
                ],
                [
                    0.7794145941734314,
                    -0.5849258303642273,
                    0.22444255650043488,
                    0.4475547969341278
                ],
                [
                    4.1510077153361635e-08,
                    0.35824352502822876,
                    0.9336282014846802,
                    1.8617217540740967
                ],
                [
                    0,
                    0,
                    0,
                    1
                ]
            ]
        },
        {
            "file_path": "023.png",
            "camera_angle_x": 1.1327959230841689,
            "proj_type": 0,
            "azimuth": 10.101843418014978,
            "elevation": 1.4235832820950245,
            "cam_dis": 1.613924464832187,
            "transform_matrix": [
                [
                    0.6265084743499756,
                    0.7709842324256897,
                    -0.11432596296072006,
                    -0.18451353907585144
                ],
                [
                    -0.7794145941734314,
                    0.6197319626808167,
                    -0.09189735352993011,
                    -0.14831554889678955
                ],
                [
                    4.3513285419294334e-08,
                    0.1466817855834961,
                    0.9891837239265442,
                    1.5964678525924683
                ],
                [
                    0,
                    0,
                    0,
                    1
                ]
            ]
        }
    ]
}