{
    "aabb": [
        [
            -0.5,
            -0.5,
            -0.5
        ],
        [
            0.5,
            0.5,
            0.5
        ]
    ],
    "scale": 0.41026142635622215,
    "offset": [
        3.1834557056427,
        -0.43013429641723633,
        -0.5332374572753906
    ],
    "frames": [
        {
            "file_path": "000.png",
            "camera_angle_x": 0.9780743619662144,
            "proj_type": 0,
            "azimuth": 0.873013114353157,
            "elevation": -1.0746085258964404,
            "cam_dis": 1.843485277238647,
            "transform_matrix": [
                [
                    -0.7662684321403503,
                    0.5650351047515869,
                    0.3058890402317047,
                    0.5639018416404724
                ],
                [
                    0.6425206661224365,
                    0.6738592982292175,
                    0.36480244994163513,
                    0.6725078821182251
                ],
                [
                    2.0368414510585353e-08,
                    0.476076602935791,
                    -0.8794038891792297,
                    -1.6211680173873901
                ],
                [
                    0,
                    0,
                    0,
                    1
                ]
            ]
        },
        {
            "file_path": "001.png",
            "camera_angle_x": 0.33199793634506175,
            "proj_type": 0,
            "azimuth": 4.01460576794295,
            "elevation": -0.7933927911078769,
            "cam_dis": 5.241090071592253,
            "transform_matrix": [
                [
                    0.7662684321403503,
                    -0.45794835686683655,
                    -0.45068398118019104,
                    -2.3620753288269043
                ],
                [
                    -0.6425206065177917,
                    -0.5461480617523193,
                    -0.5374845266342163,
                    -2.817004919052124
                ],
                [
                    -1.966830787125673e-08,
                    0.701431155204773,
                    -0.7127372622489929,
                    -3.7355196475982666
                ],
                [
                    0,
                    0,
                    0,
                    1
                ]
            ]
        },
        {
            "file_path": "002.png",
            "camera_angle_x": 0.42902617028780715,
            "proj_type": 0,
            "azimuth": 2.4438094411480535,
            "elevation": -0.5776664426288971,
            "cam_dis": 4.068297519300713,
            "transform_matrix": [
                [
                    -0.6425206661224365,
                    -0.41843661665916443,
                    -0.6419330835342407,
                    -2.61157488822937
                ],
                [
                    -0.7662684321403503,
                    0.350861519575119,
                    0.5382647514343262,
                    2.1898210048675537
                ],
                [
                    -2.295676537755753e-08,
                    0.8377392888069153,
                    -0.5460705757141113,
                    -2.2215774059295654
                ],
                [
                    0,
                    0,
                    0,
                    1
                ]
            ]
        },
        {
            "file_path": "003.png",
            "camera_angle_x": 1.0160453908824283,
            "proj_type": 0,
            "azimuth": 5.585402094737846,
            "elevation": -0.38915188170385173,
            "cam_dis": 1.7802946125135086,
            "transform_matrix": [
                [
                    0.6425206661224365,
                    0.29072508215904236,
                    0.7089754343032837,
                    1.2621850967407227
                ],
                [
                    0.7662683725357056,
                    -0.24377480149269104,
                    -0.5944802165031433,
                    -1.0583497285842896
                ],
                [
                    -2.5716261120578565e-08,
                    0.9252312779426575,
                    -0.3794037997722626,
                    -0.6754506230354309
                ],
                [
                    0,
                    0,
                    0,
                    1
                ]
            ]
        },
        {
            "file_path": "004.png",
            "camera_angle_x": 0.5856599397734213,
            "proj_type": 0,
            "azimuth": 1.6584112777506053,
            "elevation": -0.214375412537408,
            "cam_dis": 3.000127382372627,
            "transform_matrix": [
                [
                    -0.9961644411087036,
                    -0.0186151135712862,
                    -0.08549992740154266,
                    -0.2565106153488159
                ],
                [
                    -0.08750291913747787,
                    0.21192093193531036,
                    0.9733616709709167,
                    2.92020845413208
                ],
                [
                    -5.061461472166684e-09,
                    0.9771096110343933,
                    -0.21273712813854218,
                    -0.6382386088371277
                ],
                [
                    0,
                    0,
                    0,
                    1
                ]
            ]
        },
        {
            "file_path": "005.png",
            "camera_angle_x": 0.9283000404924822,
            "proj_type": 0,
            "azimuth": 4.800003931340398,
            "elevation": -0.046086825821648025,
            "cam_dis": 1.9345480399617232,
            "transform_matrix": [
                [
                    0.9961642622947693,
                    0.004031309857964516,
                    0.08740998804569244,
                    0.16909882426261902
                ],
                [
                    0.08750289678573608,
                    -0.04589393734931946,
                    -0.9951065182685852,
                    -1.9250813722610474
                ],
                [
                    7.0534600382643475e-09,
                    0.9989381432533264,
                    -0.0460706502199173,
                    -0.0891256183385849
                ],
                [
                    0,
                    0,
                    0,
                    1
                ]
            ]
        },
        {
            "file_path": "006.png",
            "camera_angle_x": 0.892132834265869,
            "proj_type": 0,
            "azimuth": 3.229207604545502,
            "elevation": 0.04020955225048106,
            "cam_dis": 2.0073826264185968,
            "transform_matrix": [
                [
                    0.08750281482934952,
                    0.040044572204351425,
                    -0.9953591227531433,
                    -1.9980665445327759
                ],
                [
                    -0.9961643218994141,
                    0.0035174558870494366,
                    -0.08743215352296829,
                    -0.17550982534885406
                ],
                [
                    1.2098350765654686e-08,
                    0.9991917610168457,
                    0.04019870236515999,
                    0.08069420605897903
                ],
                [
                    0,
                    0,
                    0,
                    1
                ]
            ]
        },
        {
            "file_path": "007.png",
            "camera_angle_x": 0.6772123720721354,
            "proj_type": 0,
            "azimuth": 6.3708002581352945,
            "elevation": 0.09590120714048367,
            "cam_dis": 2.607153715626882,
            "transform_matrix": [
                [
                    -0.08750301599502563,
                    -0.09538694471120834,
                    0.9915869832038879,
                    2.585219383239746
                ],
                [
                    0.9961643815040588,
                    -0.0083788326010108,
                    0.08710084110498428,
                    0.22708523273468018
                ],
                [
                    -4.16330898644901e-08,
                    0.9954050779342651,
                    0.09575413167476654,
                    0.2496461123228073
                ],
                [
                    0,
                    0,
                    0,
                    1
                ]
            ]
        },
        {
            "file_path": "008.png",
            "camera_angle_x": 1.0972041347775305,
            "proj_type": 0,
            "azimuth": 1.2657121960518811,
            "elevation": 0.15189322437827069,
            "cam_dis": 1.660659243498361,
            "transform_matrix": [
                [
                    -0.9538217186927795,
                    -0.04544943571090698,
                    0.29691508412361145,
                    0.4930747151374817
                ],
                [
                    0.30037346482276917,
                    -0.14432251453399658,
                    0.9428398013114929,
                    1.5657355785369873
                ],
                [
                    -1.6992579787711293e-08,
                    0.9884864091873169,
                    0.15130968391895294,
                    0.25127407908439636
                ],
                [
                    0,
                    0,
                    0,
                    1
                ]
            ]
        },
        {
            "file_path": "009.png",
            "camera_angle_x": 0.6878894811931272,
            "proj_type": 0,
            "azimuth": 4.407304849641674,
            "elevation": 0.20836995029714855,
            "cam_dis": 2.5682581404979117,
            "transform_matrix": [
                [
                    0.9538217186927795,
                    0.062136873602867126,
                    -0.29387614130973816,
                    -0.7547498345375061
                ],
                [
                    -0.3003734052181244,
                    0.1973128467798233,
                    -0.933189868927002,
                    -2.3966727256774902
                ],
                [
                    1.9371420023617247e-08,
                    0.9783693552017212,
                    0.20686553418636322,
                    0.5312837362289429
                ],
                [
                    0,
                    0,
                    0,
                    1
                ]
            ]
        },
        {
            "file_path": "010.png",
            "camera_angle_x": 1.0142695529094221,
            "proj_type": 0,
            "azimuth": 2.8365085228467777,
            "elevation": 0.26553021741405436,
            "cam_dis": 1.7831390305514827,
            "transform_matrix": [
                [
                    -0.3003734052181244,
                    0.25030285120010376,
                    -0.9203935265541077,
                    -1.641189694404602
                ],
                [
                    -0.9538216590881348,
                    -0.07882427424192429,
                    0.28984636068344116,
                    0.516836404800415
                ],
                [
                    3.882407284550027e-09,
                    0.9649534821510315,
                    0.26242101192474365,
                    0.4679330289363861
                ],
                [
                    0,
                    0,
                    0,
                    1
                ]
            ]
        },
        {
            "file_path": "011.png",
            "camera_angle_x": 0.9158392123776194,
            "proj_type": 0,
            "azimuth": 5.978101176436571,
            "elevation": 0.3235944450504642,
            "cam_dis": 1.9589656081671312,
            "transform_matrix": [
                [
                    0.3003733456134796,
                    -0.3032929003238678,
                    0.9043170213699341,
                    1.7715258598327637
                ],
                [
                    0.9538217186927795,
                    0.09551157802343369,
                    -0.28478360176086426,
                    -0.5578812956809998
                ],
                [
                    7.77232642690251e-08,
                    0.9480985999107361,
                    0.3179764747619629,
                    0.6229050159454346
                ],
                [
                    0,
                    0,
                    0,
                    1
                ]
            ]
        },
        {
            "file_path": "012.png",
            "camera_angle_x": 0.6041448806407675,
            "proj_type": 0,
            "azimuth": 2.0511103594493294,
            "elevation": 0.38281377534544103,
            "cam_dis": 2.911015157270792,
            "transform_matrix": [
                [
                    -0.8868498802185059,
                    0.1725933849811554,
                    -0.42861273884773254,
                    -1.2476980686187744
                ],
                [
                    -0.4620577394962311,
                    -0.3312667906284332,
                    0.8226572871208191,
                    2.3947677612304688
                ],
                [
                    5.0019600905670814e-08,
                    0.9276173114776611,
                    0.3735319674015045,
                    1.087357521057129
                ],
                [
                    0,
                    0,
                    0,
                    1
                ]
            ]
        },
        {
            "file_path": "013.png",
            "camera_angle_x": 1.0741601841501933,
            "proj_type": 0,
            "azimuth": 5.1927030130391225,
            "elevation": 0.4434824261738717,
            "cam_dis": 1.6926811658961909,
            "transform_matrix": [
                [
                    0.8868498802185059,
                    -0.1982632577419281,
                    0.41735953092575073,
                    0.7064566612243652
                ],
                [
                    0.4620576798915863,
                    0.380536288022995,
                    -0.8010585904121399,
                    -1.3559367656707764
                ],
                [
                    1.2354053779972674e-08,
                    0.9032629132270813,
                    0.4290876090526581,
                    0.7263085246086121
                ],
                [
                    0,
                    0,
                    0,
                    1
                ]
            ]
        },
        {
            "file_path": "014.png",
            "camera_angle_x": 0.8037845615051312,
            "proj_type": 0,
            "azimuth": 3.621906686244226,
            "elevation": 0.5059551728395171,
            "cam_dis": 2.2139896358492486,
            "transform_matrix": [
                [
                    0.4620576500892639,
                    0.4298056960105896,
                    -0.7757382392883301,
                    -1.71747624874115
                ],
                [
                    -0.8868498802185059,
                    0.22393305599689484,
                    -0.40416738390922546,
                    -0.8948224186897278
                ],
                [
                    1.3521930242177405e-08,
                    0.8747119903564453,
                    0.4846431016921997,
                    1.0729949474334717
                ],
                [
                    0,
                    0,
                    0,
                    1
                ]
            ]
        },
        {
            "file_path": "015.png",
            "camera_angle_x": 1.1503099112399546,
            "proj_type": 0,
            "azimuth": 6.763499339834018,
            "elevation": 0.5706732282704321,
            "cam_dis": 1.5920614150194403,
            "transform_matrix": [
                [
                    -0.4620576798915863,
                    -0.47907519340515137,
                    0.746317446231842,
                    1.1881831884384155
                ],
                [
                    0.8868499398231506,
                    -0.24960295855998993,
                    0.38883882761001587,
                    0.6190553903579712
                ],
                [
                    -3.4149927330417995e-09,
                    0.8415375351905823,
                    0.5401986837387085,
                    0.8600295186042786
                ],
                [
                    0,
                    0,
                    0,
                    1
                ]
            ]
        },
        {
            "file_path": "016.png",
            "camera_angle_x": 0.8701682642571495,
            "proj_type": 0,
            "azimuth": 1.069362655202519,
            "elevation": 0.6382044463571974,
            "cam_dis": 2.0546921418781396,
            "transform_matrix": [
                [
                    -0.8768943548202515,
                    -0.28636908531188965,
                    0.38606879115104675,
                    0.7932524681091309
                ],
                [
                    0.48068323731422424,
                    -0.5224135518074036,
                    0.7042924165725708,
                    1.4471039772033691
                ],
                [
                    5.524072754781173e-09,
                    0.8031668066978455,
                    0.5957542657852173,
                    1.224091649055481
                ],
                [
                    0,
                    0,
                    0,
                    1
                ]
            ]
        },
        {
            "file_path": "017.png",
            "camera_angle_x": 0.8741961560831438,
            "proj_type": 0,
            "azimuth": 4.210955308792312,
            "elevation": 0.7093093184733741,
            "cam_dis": 2.045831640588742,
            "transform_matrix": [
                [
                    0.8768942952156067,
                    0.31307369470596313,
                    -0.36474817991256714,
                    -0.7462133169174194
                ],
                [
                    -0.48068323731422424,
                    0.5711298584938049,
                    -0.6653978824615479,
                    -1.3612920045852661
                ],
                [
                    3.481055443899095e-09,
                    0.7588119506835938,
                    0.6513097882270813,
                    1.3324702978134155
                ],
                [
                    0,
                    0,
                    0,
                    1
                ]
            ]
        },
        {
            "file_path": "018.png",
            "camera_angle_x": 0.725314877580566,
            "proj_type": 0,
            "azimuth": 2.6401589819974154,
            "elevation": 0.7850568353234166,
            "cam_dis": 2.4411580243290616,
            "transform_matrix": [
                [
                    -0.48068320751190186,
                    0.6198462247848511,
                    -0.6202695369720459,
                    -1.5141758918762207
                ],
                [
                    -0.8768943548202515,
                    -0.33977827429771423,
                    0.340010404586792,
                    0.8300189971923828
                ],
                [
                    3.84921321483489e-08,
                    0.7073481678962708,
                    0.7068653106689453,
                    1.7255700826644897
                ],
                [
                    0,
                    0,
                    0,
                    1
                ]
            ]
        },
        {
            "file_path": "019.png",
            "camera_angle_x": 0.9569903998777191,
            "proj_type": 0,
            "azimuth": 5.7817516355872085,
            "elevation": 0.867046236128183,
            "cam_dis": 1.8808488890103097,
            "transform_matrix": [
                [
                    0.4806831181049347,
                    -0.6685627102851868,
                    0.5674220323562622,
                    1.067234992980957
                ],
                [
                    0.8768944144248962,
                    0.36648285388946533,
                    -0.31104111671447754,
                    -0.585021436214447
                ],
                [
                    1.1921800435743535e-08,
                    0.6470813751220703,
                    0.7624209523200989,
                    1.4339985847473145
                ],
                [
                    0,
                    0,
                    0,
                    1
                ]
            ]
        },
        {
            "file_path": "020.png",
            "camera_angle_x": 0.5102695647272694,
            "proj_type": 0,
            "azimuth": 1.8547608185999673,
            "elevation": 0.9578845714822455,
            "cam_dis": 3.4314910536113783,
            "transform_matrix": [
                [
                    -0.959952175617218,
                    0.22916725277900696,
                    -0.1611645668745041,
                    -0.5530347228050232
                ],
                [
                    -0.28016361594200134,
                    -0.7852182984352112,
                    0.5522140860557556,
                    1.8949178457260132
                ],
                [
                    1.0244210812970778e-08,
                    0.5752516388893127,
                    0.8179764747619629,
                    2.8068790435791016
                ],
                [
                    0,
                    0,
                    0,
                    1
                ]
            ]
        },
        {
            "file_path": "021.png",
            "camera_angle_x": 0.6886837044125409,
            "proj_type": 0,
            "azimuth": 4.99635347218976,
            "elevation": 1.0624118935374156,
            "cam_dis": 2.565414098050714,
            "transform_matrix": [
                [
                    0.9599522948265076,
                    -0.2447318434715271,
                    0.13637429475784302,
                    0.34985649585723877
                ],
                [
                    0.28016355633735657,
                    0.8385490775108337,
                    -0.4672727882862091,
                    -1.1987481117248535
                ],
                [
                    -1.0742143174979901e-08,
                    0.4867666959762573,
                    0.8735320568084717,
                    2.240971326828003
                ],
                [
                    0,
                    0,
                    0,
                    1
                ]
            ]
        },
        {
            "file_path": "022.png",
            "camera_angle_x": 0.6954144172049528,
            "proj_type": 0,
            "azimuth": 3.4255571453948637,
            "elevation": 1.191938288217926,
            "cam_dis": 2.5415785291192647,
            "transform_matrix": [
                [
                    0.280163437128067,
                    0.8918798565864563,
                    -0.35504767298698425,
                    -0.9023815989494324
                ],
                [
                    -0.9599523544311523,
                    0.26029640436172485,
                    -0.10362114757299423,
                    -0.26336145401000977
                ],
                [
                    3.442846363554963e-08,
                    0.3698596954345703,
                    0.9290876388549805,
                    2.361349105834961
                ],
                [
                    0,
                    0,
                    0,
                    1
                ]
            ]
        },
        {
            "file_path": "023.png",
            "camera_angle_x": 1.2195698644250945,
            "proj_type": 0,
            "azimuth": 6.567149798984656,
            "elevation": 1.395318095732438,
            "cam_dis": 1.5122031798924747,
            "transform_matrix": [
                [
                    -0.28016361594200134,
                    -0.9452105164527893,
                    0.1675875335931778,
                    0.2534264326095581
                ],
                [
                    0.9599523544311523,
                    -0.2758612036705017,
                    0.048910629004240036,
                    0.07396289706230164
                ],
                [
                    4.266460607027511e-08,
                    0.17457900941371918,
                    0.9846431612968445,
                    1.4889805316925049
                ],
                [
                    0,
                    0,
                    0,
                    1
                ]
            ]
        }
    ]
}