{
    "aabb": [
        [
            -0.5,
            -0.5,
            -0.5
        ],
        [
            0.5,
            0.5,
            0.5
        ]
    ],
    "scale": 0.5121457915021708,
    "offset": [
        0.00032189488410949707,
        -0.03408946841955185,
        -0.2757369577884674
    ],
    "frames": [
        {
            "file_path": "000.png",
            "camera_angle_x": 0.47011032380678586,
            "proj_type": 0,
            "azimuth": 2.2539364673716054,
            "elevation": -1.3001257577149983,
            "cam_dis": 3.71849691615005,
            "transform_matrix": [
                [
                    -0.7755944728851318,
                    -0.6082496643066406,
                    -0.1687772274017334,
                    -0.6275975704193115
                ],
                [
                    -0.6312316656112671,
                    0.7473564147949219,
                    0.2073766440153122,
                    0.7711292505264282
                ],
                [
                    -2.3015424233108206e-08,
                    0.26737767457962036,
                    -0.9635918736457825,
                    -3.583113193511963
                ],
                [
                    0,
                    0,
                    0,
                    1
                ]
            ]
        },
        {
            "file_path": "001.png",
            "camera_angle_x": 0.5079176868006297,
            "proj_type": 0,
            "azimuth": 5.395529120961399,
            "elevation": -0.9221878379342444,
            "cam_dis": 3.4470348893999567,
            "transform_matrix": [
                [
                    0.7755942940711975,
                    0.5030443668365479,
                    0.3813132345676422,
                    1.3143998384475708
                ],
                [
                    0.6312316656112671,
                    -0.6180905103683472,
                    -0.4685195982456207,
                    -1.615003228187561
                ],
                [
                    -4.003486608894491e-08,
                    0.6040781140327454,
                    -0.7969250082969666,
                    -2.7470288276672363
                ],
                [
                    0,
                    0,
                    0,
                    1
                ]
            ]
        },
        {
            "file_path": "002.png",
            "camera_angle_x": 0.7090660480350758,
            "proj_type": 0,
            "azimuth": 3.824732794166502,
            "elevation": -0.6818860998422269,
            "cam_dis": 2.494654312477568,
            "transform_matrix": [
                [
                    0.6312316060066223,
                    -0.4888249933719635,
                    -0.6021600961685181,
                    -1.5021814107894897
                ],
                [
                    -0.7755944132804871,
                    -0.39783918857574463,
                    -0.49007895588874817,
                    -1.222577691078186
                ],
                [
                    -2.0854262317016037e-08,
                    0.7763853669166565,
                    -0.6302586197853088,
                    -1.5722770690917969
                ],
                [
                    0,
                    0,
                    0,
                    1
                ]
            ]
        },
        {
            "file_path": "003.png",
            "camera_angle_x": 0.7207915782104436,
            "proj_type": 0,
            "azimuth": 6.966325447756295,
            "elevation": -0.48204466653151123,
            "cam_dis": 2.4558020914544034,
            "transform_matrix": [
                [
                    -0.6312316060066223,
                    0.35955917835235596,
                    0.6872146725654602,
                    1.687662959098816
                ],
                [
                    0.7755944728851318,
                    0.292633593082428,
                    0.5593021512031555,
                    1.37353515625
                ],
                [
                    7.981980587601356e-08,
                    0.8860490322113037,
                    -0.46359172463417053,
                    -1.1384897232055664
                ],
                [
                    0,
                    0,
                    0,
                    1
                ]
            ]
        },
        {
            "file_path": "004.png",
            "camera_angle_x": 1.1560563050396928,
            "proj_type": 0,
            "azimuth": 3.0393346307690536,
            "elevation": -0.30147096310802857,
            "cam_dis": 1.5850428518685533,
            "transform_matrix": [
                [
                    -0.10207992047071457,
                    -0.2953740656375885,
                    -0.9499125480651855,
                    -1.5056520700454712
                ],
                [
                    -0.99477618932724,
                    0.03031015396118164,
                    0.09747619181871414,
                    0.15450391173362732
                ],
                [
                    4.873770365065866e-08,
                    0.9549007415771484,
                    -0.2969251275062561,
                    -0.47063907980918884
                ],
                [
                    0,
                    0,
                    0,
                    1
                ]
            ]
        },
        {
            "file_path": "005.png",
            "camera_angle_x": 1.1080063733527263,
            "proj_type": 0,
            "azimuth": 6.180927284358847,
            "elevation": -0.13062968094200955,
            "cam_dis": 1.6461361738590004,
            "transform_matrix": [
                [
                    0.10207971930503845,
                    0.1295779049396515,
                    0.9863009452819824,
                    1.6235853433609009
                ],
                [
                    0.9947763085365295,
                    -0.013296757824718952,
                    -0.10121013969182968,
                    -0.16660575568675995
                ],
                [
                    -1.0836848218787054e-07,
                    0.9914802312850952,
                    -0.1302584558725357,
                    -0.21442320942878723
                ],
                [
                    0,
                    0,
                    0,
                    1
                ]
            ]
        },
        {
            "file_path": "006.png",
            "camera_angle_x": 1.0631377508801954,
            "proj_type": 0,
            "azimuth": 4.610130957563951,
            "elevation": 0.012136358647873546,
            "cam_dis": 1.7085198579433762,
            "transform_matrix": [
                [
                    0.99477618932724,
                    0.0012388412142172456,
                    -0.10207240283489227,
                    -0.1743927001953125
                ],
                [
                    -0.10207992047071457,
                    0.012072510085999966,
                    -0.9947029948234558,
                    -1.6994696855545044
                ],
                [
                    -2.03229033601815e-09,
                    0.9999264478683472,
                    0.012135906144976616,
                    0.020734701305627823
                ],
                [
                    0,
                    0,
                    0,
                    1
                ]
            ]
        },
        {
            "file_path": "007.png",
            "camera_angle_x": 0.5894741433793819,
            "proj_type": 0,
            "azimuth": 7.751723611153743,
            "elevation": 0.06774341874087009,
            "cam_dis": 2.9812749570228485,
            "transform_matrix": [
                [
                    -0.99477618932724,
                    -0.006909956689924002,
                    0.10184576362371445,
                    0.30363020300865173
                ],
                [
                    0.10207990556955338,
                    -0.06733796000480652,
                    0.9924944639205933,
                    2.9588990211486816
                ],
                [
                    -8.816746444040291e-09,
                    0.9977062940597534,
                    0.06769154965877533,
                    0.20180732011795044
                ],
                [
                    0,
                    0,
                    0,
                    1
                ]
            ]
        },
        {
            "file_path": "008.png",
            "camera_angle_x": 1.1731446025768484,
            "proj_type": 0,
            "azimuth": 2.6466355490703295,
            "elevation": 0.12356134208787495,
            "cam_dis": 1.5646078921687379,
            "transform_matrix": [
                [
                    -0.47499409317970276,
                    0.10845614224672318,
                    -0.8732801675796509,
                    -1.3663408756256104
                ],
                [
                    -0.8799892067909241,
                    -0.058541711419820786,
                    0.4713726341724396,
                    0.7375132441520691
                ],
                [
                    5.2883926571212214e-08,
                    0.9923761487007141,
                    0.12324699014425278,
                    0.19283349812030792
                ],
                [
                    0,
                    0,
                    0,
                    1
                ]
            ]
        },
        {
            "file_path": "009.png",
            "camera_angle_x": 0.9240898657044195,
            "proj_type": 0,
            "azimuth": 5.788228202660123,
            "elevation": 0.17976943361645015,
            "cam_dis": 1.9427212715365068,
            "transform_matrix": [
                [
                    0.4749939441680908,
                    -0.15734440088272095,
                    0.8658080101013184,
                    1.6820236444473267
                ],
                [
                    0.8799890875816345,
                    0.08493020385503769,
                    -0.4673393964767456,
                    -0.9079101085662842
                ],
                [
                    -2.0080790363863343e-08,
                    0.9838849902153015,
                    0.17880268394947052,
                    0.3473638594150543
                ],
                [
                    0,
                    0,
                    0,
                    1
                ]
            ]
        },
        {
            "file_path": "010.png",
            "camera_angle_x": 1.2064601116642644,
            "proj_type": 0,
            "azimuth": 4.217431875865226,
            "elevation": 0.23655841484996287,
            "cam_dis": 1.526559413456265,
            "transform_matrix": [
                [
                    0.8799890875816345,
                    0.11131872981786728,
                    -0.46176549792289734,
                    -0.7049124240875244
                ],
                [
                    -0.47499391436576843,
                    0.20623266696929932,
                    -0.855481743812561,
                    -1.3059436082839966
                ],
                [
                    2.947104427164504e-08,
                    0.9721503853797913,
                    0.23435820639133453,
                    0.35776183009147644
                ],
                [
                    0,
                    0,
                    0,
                    1
                ]
            ]
        },
        {
            "file_path": "011.png",
            "camera_angle_x": 0.8106133703864192,
            "proj_type": 0,
            "azimuth": 7.359024529455018,
            "elevation": 0.2941368085661682,
            "cam_dis": 2.196358226678013,
            "transform_matrix": [
                [
                    -0.8799890875816345,
                    -0.13770732283592224,
                    0.454594224691391,
                    0.9984517693519592
                ],
                [
                    0.47499391436576843,
                    -0.25512099266052246,
                    0.8421959280967712,
                    1.849764108657837
                ],
                [
                    -1.5272490827555885e-08,
                    0.9570527672767639,
                    0.2899138629436493,
                    0.6367546319961548
                ],
                [
                    0,
                    0,
                    0,
                    1
                ]
            ]
        },
        {
            "file_path": "012.png",
            "camera_angle_x": 0.6777962932590744,
            "proj_type": 0,
            "azimuth": 3.4320337124677778,
            "elevation": 0.35273892986621935,
            "cam_dis": 2.604994196713999,
            "transform_matrix": [
                [
                    0.2863747477531433,
                    0.33100035786628723,
                    -0.8991264700889587,
                    -2.3422188758850098
                ],
                [
                    -0.9581177234649658,
                    0.09893371164798737,
                    -0.2687426805496216,
                    -0.7000733017921448
                ],
                [
                    5.095670019272802e-08,
                    0.9384300708770752,
                    0.3454693555831909,
                    0.8999457955360413
                ],
                [
                    0,
                    0,
                    0,
                    1
                ]
            ]
        },
        {
            "file_path": "013.png",
            "camera_angle_x": 1.2201901414150222,
            "proj_type": 0,
            "azimuth": 6.57362636605757,
            "elevation": 0.4126354310485474,
            "cam_dis": 1.511532217466212,
            "transform_matrix": [
                [
                    -0.2863748371601105,
                    -0.38422903418540955,
                    0.8777002096176147,
                    1.3266719579696655
                ],
                [
                    0.9581177234649658,
                    -0.11484345048666,
                    0.2623385488986969,
                    0.39653322100639343
                ],
                [
                    -1.850063036101801e-08,
                    0.9160672426223755,
                    0.40102484822273254,
                    0.6061621308326721
                ],
                [
                    0,
                    0,
                    0,
                    1
                ]
            ]
        },
        {
            "file_path": "014.png",
            "camera_angle_x": 0.5705820549491503,
            "proj_type": 0,
            "azimuth": 5.002830039262674,
            "elevation": 0.4741478890444091,
            "cam_dis": 3.077158450915264,
            "transform_matrix": [
                [
                    0.958117663860321,
                    -0.13075314462184906,
                    0.2547825574874878,
                    0.7840063571929932
                ],
                [
                    0.2863748073577881,
                    0.4374578595161438,
                    -0.8524201512336731,
                    -2.6230318546295166
                ],
                [
                    -1.4379679669218604e-08,
                    0.8896821141242981,
                    0.4565805196762085,
                    1.4049705266952515
                ],
                [
                    0,
                    0,
                    0,
                    1
                ]
            ]
        },
        {
            "file_path": "015.png",
            "camera_angle_x": 1.1922232332059943,
            "proj_type": 0,
            "azimuth": 8.144422692852467,
            "elevation": 0.5376699116109869,
            "cam_dis": 1.5425377326560552,
            "transform_matrix": [
                [
                    -0.9581177234649658,
                    0.1466628760099411,
                    -0.24596858024597168,
                    -0.3794158399105072
                ],
                [
                    -0.2863748371601105,
                    -0.4906865656375885,
                    0.8229314684867859,
                    1.2694027423858643
                ],
                [
                    1.9456553701502344e-08,
                    0.8589044213294983,
                    0.5121359825134277,
                    0.789989173412323
                ],
                [
                    0,
                    0,
                    0,
                    1
                ]
            ]
        },
        {
            "file_path": "016.png",
            "camera_angle_x": 0.4843348255851337,
            "proj_type": 0,
            "azimuth": 2.4502860082209676,
            "elevation": 0.6036991169616068,
            "cam_dis": 3.6113379310693747,
            "transform_matrix": [
                [
                    -0.6375443935394287,
                    0.4373573660850525,
                    -0.6342363953590393,
                    -2.2904417514801025
                ],
                [
                    -0.7704136967658997,
                    -0.3619285523891449,
                    0.5248528718948364,
                    1.895421028137207
                ],
                [
                    4.0876805940115446e-08,
                    0.8232413530349731,
                    0.5676915049552917,
                    2.050126314163208
                ],
                [
                    0,
                    0,
                    0,
                    1
                ]
            ]
        },
        {
            "file_path": "017.png",
            "camera_angle_x": 1.0484863420149597,
            "proj_type": 0,
            "azimuth": 5.59187866181076,
            "elevation": 0.6728881287032298,
            "cam_dis": 1.7301201355596483,
            "transform_matrix": [
                [
                    0.6375443935394287,
                    -0.4801580607891083,
                    0.6024826765060425,
                    1.0423673391342163
                ],
                [
                    0.7704136371612549,
                    0.39734768867492676,
                    -0.4985755980014801,
                    -0.8625956773757935
                ],
                [
                    3.110944390982695e-09,
                    0.7820249199867249,
                    0.6232471466064453,
                    1.0782924890518188
                ],
                [
                    0,
                    0,
                    0,
                    1
                ]
            ]
        },
        {
            "file_path": "018.png",
            "camera_angle_x": 0.8327046868500112,
            "proj_type": 0,
            "azimuth": 4.021082335015864,
            "elevation": 0.7461309541186378,
            "cam_dis": 2.1413633661978952,
            "transform_matrix": [
                [
                    0.7704136371612549,
                    0.432766854763031,
                    -0.46816205978393555,
                    -1.0025050640106201
                ],
                [
                    -0.6375443935394287,
                    0.5229588747024536,
                    -0.5657307505607605,
                    -1.2114349603652954
                ],
                [
                    2.405637644642411e-08,
                    0.7343207597732544,
                    0.6788026690483093,
                    1.4535633325576782
                ],
                [
                    0,
                    0,
                    0,
                    1
                ]
            ]
        },
        {
            "file_path": "019.png",
            "camera_angle_x": 1.0378875875393918,
            "proj_type": 0,
            "azimuth": 7.162674988605656,
            "elevation": 0.8247207741120075,
            "cam_dis": 1.7461482839234206,
            "transform_matrix": [
                [
                    -0.7704136371612549,
                    -0.46818602085113525,
                    0.4327409267425537,
                    0.75562983751297
                ],
                [
                    0.6375443935394287,
                    -0.5657596588134766,
                    0.5229275226593018,
                    0.9131090044975281
                ],
                [
                    5.7037539136217674e-09,
                    0.6787620186805725,
                    0.7343583106994629,
                    1.2822984457015991
                ],
                [
                    0,
                    0,
                    0,
                    1
                ]
            ]
        },
        {
            "file_path": "020.png",
            "camera_angle_x": 1.181698605034973,
            "proj_type": 0,
            "azimuth": 3.235684171618416,
            "elevation": 0.9106684775229277,
            "cam_dis": 1.5546175155141897,
            "transform_matrix": [
                [
                    0.09395270049571991,
                    0.7864198088645935,
                    -0.6105054020881653,
                    -0.9491023421287537
                ],
                [
                    -0.9955766797065735,
                    0.07421454787254333,
                    -0.057613469660282135,
                    -0.08956695348024368
                ],
                [
                    1.1830872281848315e-08,
                    0.613217830657959,
                    0.7899138331413269,
                    1.2280138731002808
                ],
                [
                    0,
                    0,
                    0,
                    1
                ]
            ]
        },
        {
            "file_path": "021.png",
            "camera_angle_x": 1.197224930669693,
            "proj_type": 0,
            "azimuth": 6.377276825208208,
            "elevation": 1.0074435322145288,
            "cam_dis": 1.536877375373375,
            "transform_matrix": [
                [
                    -0.09395267069339752,
                    -0.8417297005653381,
                    0.5316617488861084,
                    0.81709885597229
                ],
                [
                    0.9955767393112183,
                    -0.0794341042637825,
                    0.05017295107245445,
                    0.07710976153612137
                ],
                [
                    -3.2885168366192374e-08,
                    0.5340239405632019,
                    0.8454694151878357,
                    1.2993828058242798
                ],
                [
                    0,
                    0,
                    0,
                    1
                ]
            ]
        },
        {
            "file_path": "022.png",
            "camera_angle_x": 0.7684080505969957,
            "proj_type": 0,
            "azimuth": 4.806480498413312,
            "elevation": 1.122126648780772,
            "cam_dis": 2.310502047946327,
            "transform_matrix": [
                [
                    0.9955766797065735,
                    -0.08465376496315002,
                    0.040753625333309174,
                    0.09416133165359497
                ],
                [
                    0.0939527377486229,
                    0.8970394134521484,
                    -0.43184858560562134,
                    -0.9977869987487793
                ],
                [
                    -3.0048674659610697e-09,
                    0.43376728892326355,
                    0.9010249376296997,
                    2.081820011138916
                ],
                [
                    0,
                    0,
                    0,
                    1
                ]
            ]
        },
        {
            "file_path": "023.png",
            "camera_angle_x": 1.2027037528892426,
            "proj_type": 0,
            "azimuth": 7.948073152003104,
            "elevation": 1.2750349593459749,
            "cam_dis": 1.5307354901339616,
            "transform_matrix": [
                [
                    -0.9955767393112183,
                    0.08987335115671158,
                    -0.027384238317608833,
                    -0.04191803187131882
                ],
                [
                    -0.0939527302980423,
                    -0.9523493051528931,
                    0.29017895460128784,
                    0.4441872537136078
                ],
                [
                    -4.757865657012417e-09,
                    0.29146820306777954,
                    0.9565805196762085,
                    1.4642717838287354
                ],
                [
                    0,
                    0,
                    0,
                    1
                ]
            ]
        }
    ]
}