{
    "aabb": [
        [
            -0.5,
            -0.5,
            -0.5
        ],
        [
            0.5,
            0.5,
            0.5
        ]
    ],
    "scale": 23.12254337122294,
    "offset": [
        1.4496591091156006,
        -1.7559928894042969,
        -1.1350457668304443
    ],
    "frames": [
        {
            "file_path": "000.png",
            "camera_angle_x": 0.873915660962987,
            "proj_type": 0,
            "azimuth": 2.9765834671058715,
            "elevation": -1.0924088510608498,
            "cam_dis": 2.046445925082618,
            "transform_matrix": [
                [
                    -0.16426138579845428,
                    -0.8756802082061768,
                    -0.4540953040122986,
                    -0.92928147315979
                ],
                [
                    -0.9864169359207153,
                    0.1458210051059723,
                    0.07561736553907394,
                    0.15474702417850494
                ],
                [
                    3.869622844376863e-08,
                    0.4603482782840729,
                    -0.8877385854721069,
                    -1.8167086839675903
                ],
                [
                    0,
                    0,
                    0,
                    1
                ]
            ]
        },
        {
            "file_path": "001.png",
            "camera_angle_x": 0.5764650215840438,
            "proj_type": 0,
            "azimuth": 6.118176120695665,
            "elevation": -0.8053478999258022,
            "cam_dis": 3.0466165193785355,
            "transform_matrix": [
                [
                    0.16426125168800354,
                    0.7112773656845093,
                    0.6834492087364197,
                    2.082207679748535
                ],
                [
                    0.9864169359207153,
                    -0.11844426393508911,
                    -0.11381019651889801,
                    -0.3467360734939575
                ],
                [
                    -3.2195181631777814e-08,
                    0.69286048412323,
                    -0.7210718989372253,
                    -2.196829080581665
                ],
                [
                    0,
                    0,
                    0,
                    1
                ]
            ]
        },
        {
            "file_path": "002.png",
            "camera_angle_x": 0.8566983704212017,
            "proj_type": 0,
            "azimuth": 4.5473797939007685,
            "elevation": -0.5876479431441626,
            "cam_dis": 2.0849508323221317,
            "transform_matrix": [
                [
                    0.9864168167114258,
                    -0.0910673439502716,
                    -0.13670605421066284,
                    -0.28502538800239563
                ],
                [
                    -0.16426140069961548,
                    -0.5468745827674866,
                    -0.8209425806999207,
                    -1.7116246223449707
                ],
                [
                    6.338325420074398e-09,
                    0.8322470784187317,
                    -0.554405152797699,
                    -1.1559072732925415
                ],
                [
                    0,
                    0,
                    0,
                    1
                ]
            ]
        },
        {
            "file_path": "003.png",
            "camera_angle_x": 0.8515400666288806,
            "proj_type": 0,
            "azimuth": 7.688972447490562,
            "elevation": -0.3981767802284897,
            "cam_dis": 2.096801153977382,
            "transform_matrix": [
                [
                    -0.9864168763160706,
                    0.06369045376777649,
                    0.15141114592552185,
                    0.31747904419898987
                ],
                [
                    0.16426140069961548,
                    0.3824716806411743,
                    0.909248948097229,
                    1.9065141677856445
                ],
                [
                    5.274625181073134e-11,
                    0.9217694997787476,
                    -0.387738436460495,
                    -0.8130103349685669
                ],
                [
                    0,
                    0,
                    0,
                    1
                ]
            ]
        },
        {
            "file_path": "004.png",
            "camera_angle_x": 0.7811221737279092,
            "proj_type": 0,
            "azimuth": 3.76198163050332,
            "elevation": -0.2229132566389882,
            "cam_dis": 2.2747800790904678,
            "transform_matrix": [
                [
                    0.5813516974449158,
                    -0.1798754632472992,
                    -0.7935206890106201,
                    -1.8050849437713623
                ],
                [
                    -0.8136523962020874,
                    -0.12852047383785248,
                    -0.5669676661491394,
                    -1.2897266149520874
                ],
                [
                    -3.2634179802926155e-08,
                    0.9752576351165771,
                    -0.22107172012329102,
                    -0.5028895735740662
                ],
                [
                    0,
                    0,
                    0,
                    1
                ]
            ]
        },
        {
            "file_path": "005.png",
            "camera_angle_x": 0.43971488507402806,
            "proj_type": 0,
            "azimuth": 6.903574284093113,
            "elevation": -0.05443194089129144,
            "cam_dis": 3.97094511759874,
            "transform_matrix": [
                [
                    -0.5813518166542053,
                    0.04426681250333786,
                    0.8124474287033081,
                    3.2261836528778076
                ],
                [
                    0.8136524558067322,
                    0.03162836655974388,
                    0.5804907083511353,
                    2.3050966262817383
                ],
                [
                    1.355339662723054e-08,
                    0.9985190629959106,
                    -0.054405149072408676,
                    -0.2160395383834839
                ],
                [
                    0,
                    0,
                    0,
                    1
                ]
            ]
        },
        {
            "file_path": "006.png",
            "camera_angle_x": 0.45143320101663126,
            "proj_type": 0,
            "azimuth": 5.332777957298217,
            "elevation": 0.0374292723518701,
            "cam_dis": 3.869556141775214,
            "transform_matrix": [
                [
                    0.8136523365974426,
                    -0.02175447903573513,
                    0.5809445977210999,
                    2.247997522354126
                ],
                [
                    0.5813517570495605,
                    0.03044723905622959,
                    -0.8130824565887451,
                    -3.146268367767334
                ],
                [
                    1.1162091695382514e-08,
                    0.9992996454238892,
                    0.03742046654224396,
                    0.14480085670948029
                ],
                [
                    0,
                    0,
                    0,
                    1
                ]
            ]
        },
        {
            "file_path": "007.png",
            "camera_angle_x": 0.469297627797059,
            "proj_type": 0,
            "azimuth": 8.474370610888009,
            "elevation": 0.09311056901067483,
            "cam_dis": 3.724817414343516,
            "transform_matrix": [
                [
                    -0.8136524558067322,
                    0.05405178666114807,
                    -0.5788335204124451,
                    -2.1560490131378174
                ],
                [
                    -0.5813516974449158,
                    -0.07565022259950638,
                    0.8101279139518738,
                    3.017578601837158
                ],
                [
                    -4.699234779081962e-09,
                    0.995668351650238,
                    0.09297602623701096,
                    0.34631896018981934
                ],
                [
                    0,
                    0,
                    0,
                    1
                ]
            ]
        },
        {
            "file_path": "008.png",
            "camera_angle_x": 0.596577398377243,
            "proj_type": 0,
            "azimuth": 3.3692825488045957,
            "elevation": 0.14908328107528712,
            "cam_dis": 2.94681824161217,
            "transform_matrix": [
                [
                    0.2257276475429535,
                    0.14469802379608154,
                    -0.9633844494819641,
                    -2.838918685913086
                ],
                [
                    -0.9741904735565186,
                    0.033527616411447525,
                    -0.22322385013103485,
                    -0.6577999591827393
                ],
                [
                    -2.2137918165299197e-08,
                    0.9889076948165894,
                    0.14853151142597198,
                    0.43769577145576477
                ],
                [
                    0,
                    0,
                    0,
                    1
                ]
            ]
        },
        {
            "file_path": "009.png",
            "camera_angle_x": 0.34775946307116556,
            "proj_type": 0,
            "azimuth": 6.510875202394389,
            "elevation": 0.20553119167493916,
            "cam_dis": 5.005786261177714,
            "transform_matrix": [
                [
                    -0.22572772204875946,
                    -0.19881977140903473,
                    0.9536864757537842,
                    4.773950099945068
                ],
                [
                    0.9741905331611633,
                    -0.04606819152832031,
                    0.22097668051719666,
                    1.1061620712280273
                ],
                [
                    -8.91472495823109e-09,
                    0.9789528250694275,
                    0.20408707857131958,
                    1.0216169357299805
                ],
                [
                    0,
                    0,
                    0,
                    1
                ]
            ]
        },
        {
            "file_path": "010.png",
            "camera_angle_x": 0.9505607362684566,
            "proj_type": 0,
            "azimuth": 4.940078875599492,
            "elevation": 0.2626522533765774,
            "cam_dis": 1.8925886622138763,
            "transform_matrix": [
                [
                    0.9741904139518738,
                    -0.058608539402484894,
                    0.2179863005876541,
                    0.41255831718444824
                ],
                [
                    0.22572769224643707,
                    0.25294142961502075,
                    -0.9407803416252136,
                    -1.7805101871490479
                ],
                [
                    -3.355040689712041e-09,
                    0.9657047390937805,
                    0.25964269042015076,
                    0.4913969337940216
                ],
                [
                    0,
                    0,
                    0,
                    1
                ]
            ]
        },
        {
            "file_path": "011.png",
            "camera_angle_x": 0.9234328689621787,
            "proj_type": 0,
            "azimuth": 8.081671529189286,
            "elevation": 0.3206656098336276,
            "cam_dis": 1.9440037143320312,
            "transform_matrix": [
                [
                    -0.9741905927658081,
                    0.07114897668361664,
                    -0.21422137320041656,
                    -0.41644713282585144
                ],
                [
                    -0.22572766244411469,
                    -0.3070632517337799,
                    0.9245319962501526,
                    1.7972934246063232
                ],
                [
                    1.7842296529124724e-09,
                    0.9490259289741516,
                    0.31519824266433716,
                    0.6127467155456543
                ],
                [
                    0,
                    0,
                    0,
                    1
                ]
            ]
        },
        {
            "file_path": "012.png",
            "camera_angle_x": 1.1230073238464104,
            "proj_type": 0,
            "azimuth": 4.154680712202044,
            "elevation": 0.3798206063120144,
            "cam_dis": 1.6264622381870337,
            "transform_matrix": [
                [
                    0.8484702110290527,
                    0.19621896743774414,
                    -0.4915246069431305,
                    -0.799446165561676
                ],
                [
                    -0.5292431712150574,
                    0.3145735561847687,
                    -0.7880007028579712,
                    -1.2816534042358398
                ],
                [
                    -3.9054508960134626e-08,
                    0.9287311434745789,
                    0.37075385451316833,
                    0.6030171513557434
                ],
                [
                    0,
                    0,
                    0,
                    1
                ]
            ]
        },
        {
            "file_path": "013.png",
            "camera_angle_x": 0.897057534745622,
            "proj_type": 0,
            "azimuth": 7.296273365791837,
            "elevation": 0.440408944246788,
            "cam_dis": 1.997105459069255,
            "transform_matrix": [
                [
                    -0.848470151424408,
                    -0.2256212681531906,
                    0.478741317987442,
                    0.9560970067977905
                ],
                [
                    0.5292430520057678,
                    -0.3617108166217804,
                    0.7675069570541382,
                    1.5327924489974976
                ],
                [
                    4.908477535536804e-08,
                    0.9045773148536682,
                    0.4263094663619995,
                    0.8513848781585693
                ],
                [
                    0,
                    0,
                    0,
                    1
                ]
            ]
        },
        {
            "file_path": "014.png",
            "camera_angle_x": 0.7209338031676887,
            "proj_type": 0,
            "azimuth": 5.7254770389969405,
            "elevation": 0.5027818437675404,
            "cam_dis": 2.455338775359699,
            "transform_matrix": [
                [
                    0.5292431712150574,
                    -0.4088481068611145,
                    0.743468165397644,
                    1.825466275215149
                ],
                [
                    0.8484702110290527,
                    0.2550237476825714,
                    -0.46374693512916565,
                    -1.1386557817459106
                ],
                [
                    -1.649034686579398e-08,
                    0.8762454986572266,
                    0.4818649888038635,
                    1.1831417083740234
                ],
                [
                    0,
                    0,
                    0,
                    1
                ]
            ]
        },
        {
            "file_path": "015.png",
            "camera_angle_x": 0.9599749492420558,
            "proj_type": 0,
            "azimuth": 8.867069692586734,
            "elevation": 0.56737539312254,
            "cam_dis": 1.8754553819967736,
            "transform_matrix": [
                [
                    -0.5292431712150574,
                    0.45598530769348145,
                    -0.7155271768569946,
                    -1.3419392108917236
                ],
                [
                    -0.8484702110290527,
                    -0.28442615270614624,
                    0.4463183879852295,
                    0.8370501399040222
                ],
                [
                    -3.650205471217305e-09,
                    0.8433144092559814,
                    0.5374205112457275,
                    1.0079082250595093
                ],
                [
                    0,
                    0,
                    0,
                    1
                ]
            ]
        },
        {
            "file_path": "016.png",
            "camera_angle_x": 1.1987002635913924,
            "proj_type": 0,
            "azimuth": 3.172933007955234,
            "elevation": 0.6347498276206887,
            "cam_dis": 1.535217515372993,
            "transform_matrix": [
                [
                    0.031335290521383286,
                    0.5926848649978638,
                    -0.8048246502876282,
                    -1.2355809211730957
                ],
                [
                    -0.9995089173316956,
                    0.01858106255531311,
                    -0.025231821462512016,
                    -0.03873622789978981
                ],
                [
                    -1.3689991362753062e-08,
                    0.8052201271057129,
                    0.5929760336875916,
                    0.9103472828865051
                ],
                [
                    0,
                    0,
                    0,
                    1
                ]
            ]
        },
        {
            "file_path": "017.png",
            "camera_angle_x": 0.9343469776564509,
            "proj_type": 0,
            "azimuth": 6.3145256615450265,
            "elevation": 0.7056538157898857,
            "cam_dis": 1.922943518517182,
            "transform_matrix": [
                [
                    -0.031335294246673584,
                    -0.6482132077217102,
                    0.7608140110969543,
                    1.4630022048950195
                ],
                [
                    0.9995090365409851,
                    -0.02032194659113884,
                    0.023851975798606873,
                    0.04586602374911308
                ],
                [
                    -2.40453843503019e-08,
                    0.7611878514289856,
                    0.6485315561294556,
                    1.2470897436141968
                ],
                [
                    0,
                    0,
                    0,
                    1
                ]
            ]
        },
        {
            "file_path": "018.png",
            "camera_angle_x": 0.8194667076052853,
            "proj_type": 0,
            "azimuth": 4.74372933475013,
            "elevation": 0.7811368973047657,
            "cam_dis": 2.173950799480314,
            "transform_matrix": [
                [
                    0.9995089173316956,
                    -0.02206272818148136,
                    0.022251563146710396,
                    0.048373810946941376
                ],
                [
                    0.031335219740867615,
                    0.7037414908409119,
                    -0.7097647786140442,
                    -1.5429937839508057
                ],
                [
                    -1.4206086307311239e-10,
                    0.710113525390625,
                    0.7040871977806091,
                    1.5306509733200073
                ],
                [
                    0,
                    0,
                    0,
                    1
                ]
            ]
        },
        {
            "file_path": "019.png",
            "camera_angle_x": 0.987144309307557,
            "proj_type": 0,
            "azimuth": 7.885321988339923,
            "elevation": 0.8627636199541588,
            "cam_dis": 1.827926625730275,
            "transform_matrix": [
                [
                    -0.9995089173316956,
                    0.023803576827049255,
                    -0.02037856914103031,
                    -0.03725052624940872
                ],
                [
                    -0.03133522719144821,
                    -0.759269654750824,
                    0.6500212550163269,
                    1.1881910562515259
                ],
                [
                    3.9107117544290304e-10,
                    0.6503406167030334,
                    0.7596427202224731,
                    1.3885712623596191
                ],
                [
                    0,
                    0,
                    0,
                    1
                ]
            ]
        },
        {
            "file_path": "020.png",
            "camera_angle_x": 0.5381302865348079,
            "proj_type": 0,
            "azimuth": 3.958331171352682,
            "elevation": 0.9530715114818493,
            "cam_dis": 3.257812588455222,
            "transform_matrix": [
                [
                    0.7289168238639832,
                    0.558086633682251,
                    -0.3965092897415161,
                    -1.2917526960372925
                ],
                [
                    -0.6846022605895996,
                    0.5942116975784302,
                    -0.4221755564212799,
                    -1.375368595123291
                ],
                [
                    -4.57415652022064e-08,
                    0.5791820287704468,
                    0.8151982426643372,
                    2.6557633876800537
                ],
                [
                    0,
                    0,
                    0,
                    1
                ]
            ]
        },
        {
            "file_path": "021.png",
            "camera_angle_x": 0.8795777700998711,
            "proj_type": 0,
            "azimuth": 7.099923824942475,
            "elevation": 1.0567333705849462,
            "cam_dis": 2.034124624230482,
            "transform_matrix": [
                [
                    -0.7289170026779175,
                    -0.5961199998855591,
                    0.33663198351860046,
                    0.6847514510154724
                ],
                [
                    0.6846022009849548,
                    -0.6347073316574097,
                    0.35842230916023254,
                    0.7290757894515991
                ],
                [
                    6.137413066653608e-08,
                    0.4917190670967102,
                    0.8707538843154907,
                    1.7712218761444092
                ],
                [
                    0,
                    0,
                    0,
                    1
                ]
            ]
        },
        {
            "file_path": "022.png",
            "camera_angle_x": 0.7183954700682512,
            "proj_type": 0,
            "azimuth": 5.529127498147578,
            "elevation": 1.1844963258359136,
            "cam_dis": 2.4636359702726787,
            "transform_matrix": [
                [
                    0.6846022009849548,
                    -0.6752026081085205,
                    0.2746294438838959,
                    0.6765868663787842
                ],
                [
                    0.7289168834686279,
                    0.634153425693512,
                    -0.2579333186149597,
                    -0.6354535818099976
                ],
                [
                    2.3607938715031196e-08,
                    0.3767637610435486,
                    0.9263094067573547,
                    2.2820892333984375
                ],
                [
                    0,
                    0,
                    0,
                    1
                ]
            ]
        },
        {
            "file_path": "023.png",
            "camera_angle_x": 1.0396157193134308,
            "proj_type": 0,
            "azimuth": 8.670720151737372,
            "elevation": 1.3800603741273698,
            "cam_dis": 1.7435113063083632,
            "transform_matrix": [
                [
                    -0.6846023201942444,
                    0.7156980037689209,
                    -0.1381891518831253,
                    -0.24093443155288696
                ],
                [
                    -0.7289169430732727,
                    -0.672187089920044,
                    0.1297878623008728,
                    0.22628675401210785
                ],
                [
                    -4.378157925088999e-08,
                    0.1895814687013626,
                    0.9818649888038635,
                    1.7118927240371704
                ],
                [
                    0,
                    0,
                    0,
                    1
                ]
            ]
        }
    ]
}