{
    "aabb": [
        [
            -0.5,
            -0.5,
            -0.5
        ],
        [
            0.5,
            0.5,
            0.5
        ]
    ],
    "scale": 4.506845269075507,
    "offset": [
        -0.1499999761581421,
        -0.0,
        -0.11100000143051147
    ],
    "frames": [
        {
            "file_path": "000.png",
            "camera_angle_x": 1.0708900738309897,
            "proj_type": 0,
            "azimuth": 2.1420213834975175,
            "elevation": -1.3696360234475853,
            "cam_dis": 1.6973440586462916,
            "transform_matrix": [
                [
                    -0.8412390947341919,
                    -0.5297607779502869,
                    -0.10802793502807617,
                    -0.18336054682731628
                ],
                [
                    -0.5406630635261536,
                    0.8242759704589844,
                    0.168084979057312,
                    0.28529801964759827
                ],
                [
                    -1.3152794409165836e-08,
                    0.19980639219284058,
                    -0.9798352718353271,
                    -1.66311776638031
                ],
                [
                    0,
                    0,
                    0,
                    1
                ]
            ]
        },
        {
            "file_path": "001.png",
            "camera_angle_x": 0.7626376768609741,
            "proj_type": 0,
            "azimuth": 5.28361403708731,
            "elevation": -0.9495758913327087,
            "cam_dis": 2.3271187968372846,
            "transform_matrix": [
                [
                    0.8412392735481262,
                    0.4396502375602722,
                    0.3146810531616211,
                    0.7323001027107239
                ],
                [
                    0.5406630039215088,
                    -0.6840695142745972,
                    -0.48962485790252686,
                    -1.1394151449203491
                ],
                [
                    1.1730344695592976e-08,
                    0.5820280909538269,
                    -0.8131687641143799,
                    -1.8923403024673462
                ],
                [
                    0,
                    0,
                    0,
                    1
                ]
            ]
        },
        {
            "file_path": "002.png",
            "camera_angle_x": 0.976352414589882,
            "proj_type": 0,
            "azimuth": 3.712817710292414,
            "elevation": -0.7029905057584749,
            "cam_dis": 1.8464733875630386,
            "transform_matrix": [
                [
                    0.540662944316864,
                    -0.5438629388809204,
                    -0.6417917609214783,
                    -1.1850513219833374
                ],
                [
                    -0.841239333152771,
                    -0.34953969717025757,
                    -0.4124784469604492,
                    -0.7616304755210876
                ],
                [
                    5.988500362263949e-08,
                    0.7629122734069824,
                    -0.6465020775794983,
                    -1.1937488317489624
                ],
                [
                    0,
                    0,
                    0,
                    1
                ]
            ]
        },
        {
            "file_path": "003.png",
            "camera_angle_x": 0.40496198750837453,
            "proj_type": 0,
            "azimuth": 6.854410363882208,
            "elevation": -0.5004670958591113,
            "cam_dis": 4.306436109769374,
            "transform_matrix": [
                [
                    -0.5406631231307983,
                    0.4036564528942108,
                    0.7380684614181519,
                    3.1784446239471436
                ],
                [
                    0.841239333152771,
                    0.2594292461872101,
                    0.4743553400039673,
                    2.042780876159668
                ],
                [
                    4.227583616511765e-09,
                    0.8773585557937622,
                    -0.47983554005622864,
                    -2.066380500793457
                ],
                [
                    0,
                    0,
                    0,
                    1
                ]
            ]
        },
        {
            "file_path": "004.png",
            "camera_angle_x": 0.7004658304190038,
            "proj_type": 0,
            "azimuth": 2.9274195468949658,
            "elevation": -0.3185277778415374,
            "cam_dis": 2.5239974489910195,
            "transform_matrix": [
                [
                    -0.21253952383995056,
                    -0.3060135245323181,
                    -0.9279992580413818,
                    -2.3422677516937256
                ],
                [
                    -0.977152407169342,
                    0.06656085699796677,
                    0.20184825360774994,
                    0.50946444272995
                ],
                [
                    9.759263974729038e-08,
                    0.9496974945068359,
                    -0.31316864490509033,
                    -0.7904371023178101
                ],
                [
                    0,
                    0,
                    0,
                    1
                ]
            ]
        },
        {
            "file_path": "005.png",
            "camera_angle_x": 0.7714940915804285,
            "proj_type": 0,
            "azimuth": 6.069012200484758,
            "elevation": -0.14703125406676176,
            "cam_dis": 2.3017201277130726,
            "transform_matrix": [
                [
                    0.2125394642353058,
                    0.14315491914749146,
                    0.9666094183921814,
                    2.2248642444610596
                ],
                [
                    0.9771525263786316,
                    -0.03113744407892227,
                    -0.21024629473686218,
                    -0.4839280843734741
                ],
                [
                    -9.10429704958915e-08,
                    0.9892104268074036,
                    -0.14650216698646545,
                    -0.33720675110816956
                ],
                [
                    0,
                    0,
                    0,
                    1
                ]
            ]
        },
        {
            "file_path": "006.png",
            "camera_angle_x": 0.2120152333398363,
            "proj_type": 0,
            "azimuth": 4.498215873689862,
            "elevation": 0.006721583456454239,
            "cam_dis": 8.184784924789628,
            "transform_matrix": [
                [
                    0.9771524667739868,
                    0.0014285787474364042,
                    -0.21253468096256256,
                    -1.7395508289337158
                ],
                [
                    -0.21253949403762817,
                    0.006567920092493296,
                    -0.9771304130554199,
                    -7.9976019859313965
                ],
                [
                    1.0108598402780444e-08,
                    0.9999774694442749,
                    0.006721487734466791,
                    0.05501430109143257
                ],
                [
                    0,
                    0,
                    0,
                    1
                ]
            ]
        },
        {
            "file_path": "007.png",
            "camera_angle_x": 0.9713454541637384,
            "proj_type": 0,
            "azimuth": 7.639808527279656,
            "elevation": 0.06231741510161215,
            "cam_dis": 1.8552251465688787,
            "transform_matrix": [
                [
                    -0.9771524667739868,
                    -0.013236334547400475,
                    0.2121269553899765,
                    0.3935432434082031
                ],
                [
                    0.21253950893878937,
                    -0.06085417792201042,
                    0.9752557277679443,
                    1.8093189001083374
                ],
                [
                    8.852483190935345e-10,
                    0.9980589151382446,
                    0.062277063727378845,
                    0.11553802341222763
                ],
                [
                    0,
                    0,
                    0,
                    1
                ]
            ]
        },
        {
            "file_path": "008.png",
            "camera_angle_x": 0.4746617759274536,
            "proj_type": 0,
            "azimuth": 2.5347204651962416,
            "elevation": 0.11810703704008607,
            "cam_dis": 3.6835032553774085,
            "transform_matrix": [
                [
                    -0.5703010559082031,
                    0.09679199755191803,
                    -0.8157132267951965,
                    -3.0046825408935547
                ],
                [
                    -0.821435809135437,
                    -0.06720013171434402,
                    0.5663279891014099,
                    2.0860707759857178
                ],
                [
                    -9.162171465959545e-09,
                    0.9930334687232971,
                    0.11783269792795181,
                    0.4340369403362274
                ],
                [
                    0,
                    0,
                    0,
                    1
                ]
            ]
        },
        {
            "file_path": "009.png",
            "camera_angle_x": 0.7431101102834105,
            "proj_type": 0,
            "azimuth": 5.676313118786035,
            "elevation": 0.17426894260120984,
            "cam_dis": 2.3853190091557503,
            "transform_matrix": [
                [
                    0.5703009366989136,
                    -0.14242731034755707,
                    0.8089940547943115,
                    1.92970871925354
                ],
                [
                    0.8214358687400818,
                    0.09888336062431335,
                    -0.561663031578064,
                    -1.339745283126831
                ],
                [
                    3.298282535979524e-08,
                    0.9848536252975464,
                    0.17338813841342926,
                    0.41358616948127747
                ],
                [
                    0,
                    0,
                    0,
                    1
                ]
            ]
        },
        {
            "file_path": "010.png",
            "camera_angle_x": 0.8822576700071972,
            "proj_type": 0,
            "azimuth": 4.105516791991138,
            "elevation": 0.230992479533787,
            "cam_dis": 2.02835013052375,
            "transform_matrix": [
                [
                    0.8214358687400818,
                    0.13056685030460358,
                    -0.5551535487174988,
                    -1.126045823097229
                ],
                [
                    -0.5703009366989136,
                    0.1880626380443573,
                    -0.7996182441711426,
                    -1.6219056844711304
                ],
                [
                    2.5843863937780043e-08,
                    0.9734396934509277,
                    0.22894378006458282,
                    0.46437808871269226
                ],
                [
                    0,
                    0,
                    0,
                    1
                ]
            ]
        },
        {
            "file_path": "011.png",
            "camera_angle_x": 1.099749307049441,
            "proj_type": 0,
            "azimuth": 7.247109445580932,
            "elevation": 0.2884841160671472,
            "cam_dis": 1.657209998005016,
            "transform_matrix": [
                [
                    -0.8214357495307922,
                    -0.16225023567676544,
                    0.5467339158058167,
                    0.9060530066490173
                ],
                [
                    0.5703009366989136,
                    -0.23369798064231873,
                    0.787490963935852,
                    1.3050379753112793
                ],
                [
                    4.076487059023748e-08,
                    0.9586761593818665,
                    0.2844994366168976,
                    0.47147509455680847
                ],
                [
                    0,
                    0,
                    0,
                    1
                ]
            ]
        },
        {
            "file_path": "012.png",
            "camera_angle_x": 0.9946774025142592,
            "proj_type": 0,
            "azimuth": 3.32011862859369,
            "elevation": 0.3469752400106143,
            "cam_dis": 1.8152307270123917,
            "transform_matrix": [
                [
                    0.1775791198015213,
                    0.3346501886844635,
                    -0.9254593253135681,
                    -1.679922103881836
                ],
                [
                    -0.9841065406799316,
                    0.0603865422308445,
                    -0.16699647903442383,
                    -0.30313706398010254
                ],
                [
                    -6.972429389406898e-08,
                    0.9404056668281555,
                    0.34005481004714966,
                    0.6172780394554138
                ],
                [
                    0,
                    0,
                    0,
                    1
                ]
            ]
        },
        {
            "file_path": "013.png",
            "camera_angle_x": 0.8712136488281306,
            "proj_type": 0,
            "azimuth": 6.461711282183484,
            "elevation": 0.4067324004697548,
            "cam_dis": 2.052384352281143,
            "transform_matrix": [
                [
                    -0.17757923901081085,
                    -0.3893228769302368,
                    0.9038216471672058,
                    1.8549891710281372
                ],
                [
                    0.9841066002845764,
                    -0.07025228440761566,
                    0.16309194266796112,
                    0.3347274363040924
                ],
                [
                    2.3202115784215493e-08,
                    0.9184184670448303,
                    0.39561042189598083,
                    0.8119446635246277
                ],
                [
                    0,
                    0,
                    0,
                    1
                ]
            ]
        },
        {
            "file_path": "014.png",
            "camera_angle_x": 0.48048060853258545,
            "proj_type": 0,
            "azimuth": 4.8909149553885864,
            "elevation": 0.4680714131078858,
            "cam_dis": 3.6397404005665814,
            "transform_matrix": [
                [
                    0.9841065406799316,
                    -0.08011769503355026,
                    0.158478781580925,
                    0.5768215656280518
                ],
                [
                    0.17757919430732727,
                    0.4439953863620758,
                    -0.87825608253479,
                    -3.1966240406036377
                ],
                [
                    -5.895142596301639e-09,
                    0.8924400806427002,
                    0.4511660039424896,
                    1.6421270370483398
                ],
                [
                    0,
                    0,
                    0,
                    1
                ]
            ]
        },
        {
            "file_path": "015.png",
            "camera_angle_x": 0.963029130643767,
            "proj_type": 0,
            "azimuth": 8.03250760897838,
            "elevation": 0.5313776796766989,
            "cam_dis": 1.8699722685074633,
            "transform_matrix": [
                [
                    -0.9841065406799316,
                    0.08998319506645203,
                    -0.15309274196624756,
                    -0.28627917170524597
                ],
                [
                    -0.17757917940616608,
                    -0.49866801500320435,
                    0.8484078645706177,
                    1.5864992141723633
                ],
                [
                    -3.022462280455329e-09,
                    0.8621097803115845,
                    0.506721556186676,
                    0.9475552439689636
                ],
                [
                    0,
                    0,
                    0,
                    1
                ]
            ]
        },
        {
            "file_path": "016.png",
            "camera_angle_x": 1.100224451724225,
            "proj_type": 0,
            "azimuth": 2.3383709243468793,
            "elevation": 0.5971368328333293,
            "cam_dis": 1.656567960103389,
            "transform_matrix": [
                [
                    -0.7195969223976135,
                    0.3904407024383545,
                    -0.5742266774177551,
                    -0.9512454867362976
                ],
                [
                    -0.6943919658660889,
                    -0.40461286902427673,
                    0.5950698852539062,
                    0.9857737421989441
                ],
                [
                    -1.4223253685941017e-09,
                    0.826948881149292,
                    0.5622771382331848,
                    0.9314501881599426
                ],
                [
                    0,
                    0,
                    0,
                    1
                ]
            ]
        },
        {
            "file_path": "017.png",
            "camera_angle_x": 1.0227096684169241,
            "proj_type": 0,
            "azimuth": 5.479963577936672,
            "elevation": 0.6659833437321341,
            "cam_dis": 1.769713052911988,
            "transform_matrix": [
                [
                    0.7195969223976135,
                    -0.4290180504322052,
                    0.5460071563720703,
                    0.9662758708000183
                ],
                [
                    0.6943920254707336,
                    0.44459041953086853,
                    -0.5658259987831116,
                    -1.001349687576294
                ],
                [
                    3.151649252686184e-08,
                    0.7863096594810486,
                    0.617832601070404,
                    1.0933865308761597
                ],
                [
                    0,
                    0,
                    0,
                    1
                ]
            ]
        },
        {
            "file_path": "018.png",
            "camera_angle_x": 0.4637344515591286,
            "proj_type": 0,
            "azimuth": 3.909167251141776,
            "elevation": 0.7387823280518,
            "cam_dis": 3.768683936747383,
            "transform_matrix": [
                [
                    0.6943919062614441,
                    0.48456814885139465,
                    -0.5319902300834656,
                    -2.0049028396606445
                ],
                [
                    -0.7195970416069031,
                    0.46759524941444397,
                    -0.5133564472198486,
                    -1.9346779584884644
                ],
                [
                    -4.056891356185588e-08,
                    0.7392891049385071,
                    0.6733881831169128,
                    2.5377871990203857
                ],
                [
                    0,
                    0,
                    0,
                    1
                ]
            ]
        },
        {
            "file_path": "019.png",
            "camera_angle_x": 0.5878040260486284,
            "proj_type": 0,
            "azimuth": 7.05075990473157,
            "elevation": 0.8167777566051928,
            "cam_dis": 2.989499251481841,
            "transform_matrix": [
                [
                    -0.6943919062614441,
                    -0.5245457887649536,
                    0.4926171600818634,
                    1.4726784229278564
                ],
                [
                    0.7195970416069031,
                    -0.5061726570129395,
                    0.4753623902797699,
                    1.421095609664917
                ],
                [
                    -7.913749655585889e-09,
                    0.6845736503601074,
                    0.7289437055587769,
                    2.1791768074035645
                ],
                [
                    0,
                    0,
                    0,
                    1
                ]
            ]
        },
        {
            "file_path": "020.png",
            "camera_angle_x": 0.4581703816357345,
            "proj_type": 0,
            "azimuth": 3.1237690877443276,
            "elevation": 0.9018883195653897,
            "cam_dis": 3.813633155498927,
            "transform_matrix": [
                [
                    -0.01782270334661007,
                    0.7843747138977051,
                    -0.6200311779975891,
                    -2.3645715713500977
                ],
                [
                    -0.9998412132263184,
                    -0.013981943018734455,
                    0.011052325367927551,
                    0.042149558663368225
                ],
                [
                    -6.279633879557878e-08,
                    0.6201297044754028,
                    0.7844993472099304,
                    2.991792678833008
                ],
                [
                    0,
                    0,
                    0,
                    1
                ]
            ]
        },
        {
            "file_path": "021.png",
            "camera_angle_x": 0.24381743747103887,
            "proj_type": 0,
            "azimuth": 6.265361741334121,
            "elevation": 0.9973843499935331,
            "cam_dis": 7.1215106248226085,
            "transform_matrix": [
                [
                    0.01782248727977276,
                    -0.8399214744567871,
                    0.5424153208732605,
                    3.862816095352173
                ],
                [
                    0.9998412132263184,
                    0.014971842058002949,
                    -0.009668775834143162,
                    -0.06885644793510437
                ],
                [
                    3.589534358638957e-08,
                    0.5425015091896057,
                    0.8400548696517944,
                    5.982459545135498
                ],
                [
                    0,
                    0,
                    0,
                    1
                ]
            ]
        },
        {
            "file_path": "022.png",
            "camera_angle_x": 0.5269391265458233,
            "proj_type": 0,
            "azimuth": 4.694565414539224,
            "elevation": 1.1098015427322991,
            "cam_dis": 3.3253424057207392,
            "transform_matrix": [
                [
                    0.9998411536216736,
                    0.01596212573349476,
                    -0.007928202860057354,
                    -0.02636398747563362
                ],
                [
                    -0.017822623252868652,
                    0.8954681158065796,
                    -0.44476863741874695,
                    -1.4790079593658447
                ],
                [
                    -6.152959253213908e-10,
                    0.4448392987251282,
                    0.8956103920936584,
                    2.9782114028930664
                ],
                [
                    0,
                    0,
                    0,
                    1
                ]
            ]
        },
        {
            "file_path": "023.png",
            "camera_angle_x": 0.5645293542910743,
            "proj_type": 0,
            "azimuth": 7.836158068129018,
            "elevation": 1.2569914779521207,
            "cam_dis": 3.1092557135592283,
            "transform_matrix": [
                [
                    -0.9998412728309631,
                    -0.01695227436721325,
                    0.005501485429704189,
                    0.017105525359511375
                ],
                [
                    0.017822623252868652,
                    -0.951015055179596,
                    0.3086308538913727,
                    0.9596123099327087
                ],
                [
                    2.2529139664939635e-10,
                    0.30867987871170044,
                    0.9511659741401672,
                    2.957418203353882
                ],
                [
                    0,
                    0,
                    0,
                    1
                ]
            ]
        }
    ]
}