{
    "aabb": [
        [
            -0.5,
            -0.5,
            -0.5
        ],
        [
            0.5,
            0.5,
            0.5
        ]
    ],
    "scale": 0.7507147292119087,
    "offset": [
        -0.0004961341619491577,
        -0.04017843306064606,
        -0.4974607527256012
    ],
    "frames": [
        {
            "file_path": "000.png",
            "camera_angle_x": 0.8462170311988229,
            "proj_type": 0,
            "azimuth": 0.13376361879157375,
            "elevation": -1.161743045226896,
            "cam_dis": 2.1091867770891177,
            "transform_matrix": [
                [
                    -0.1333649903535843,
                    0.9093017578125,
                    0.3941878378391266,
                    0.8314158320426941
                ],
                [
                    0.9910669922828674,
                    0.12236213684082031,
                    0.05304466187953949,
                    0.11188127100467682
                ],
                [
                    -5.43350289206046e-08,
                    0.39774084091186523,
                    -0.9174977540969849,
                    -1.9351742267608643
                ],
                [
                    0,
                    0,
                    0,
                    1
                ]
            ]
        },
        {
            "file_path": "001.png",
            "camera_angle_x": 0.44525389137480503,
            "proj_type": 0,
            "azimuth": 3.2753562723813667,
            "elevation": -0.8493195048484056,
            "cam_dis": 3.9223497924708224,
            "transform_matrix": [
                [
                    0.13336503505706787,
                    -0.7441239356994629,
                    -0.6545940637588501,
                    -2.567546844482422
                ],
                [
                    -0.9910669922828674,
                    -0.10013467818498611,
                    -0.08808687329292297,
                    -0.34550750255584717
                ],
                [
                    4.681453447119566e-09,
                    0.6604942679405212,
                    -0.750831127166748,
                    -2.9450223445892334
                ],
                [
                    0,
                    0,
                    0,
                    1
                ]
            ]
        },
        {
            "file_path": "002.png",
            "camera_angle_x": 1.0543650823882,
            "proj_type": 0,
            "azimuth": 1.7045599455864704,
            "elevation": -0.6238502101500811,
            "cam_dis": 1.7213768438979549,
            "transform_matrix": [
                [
                    -0.9910671710968018,
                    -0.07790714502334595,
                    -0.10824382305145264,
                    -0.18632838129997253
                ],
                [
                    -0.13336509466171265,
                    0.578946053981781,
                    0.8043850660324097,
                    1.384649634361267
                ],
                [
                    -3.2888154422039406e-09,
                    0.8116353750228882,
                    -0.584164559841156,
                    -1.005567193031311
                ],
                [
                    0,
                    0,
                    0,
                    1
                ]
            ]
        },
        {
            "file_path": "003.png",
            "camera_angle_x": 1.0034471877386542,
            "proj_type": 0,
            "azimuth": 4.846152599176263,
            "elevation": -0.43068988230264305,
            "cam_dis": 1.8007028873328044,
            "transform_matrix": [
                [
                    0.9910669922828674,
                    0.055679626762866974,
                    0.12118591368198395,
                    0.2182198017835617
                ],
                [
                    0.13336507976055145,
                    -0.4137682318687439,
                    -0.9005607962608337,
                    -1.6216422319412231
                ],
                [
                    -1.260629467481067e-08,
                    0.9086779952049255,
                    -0.4174977242946625,
                    -0.7517894506454468
                ],
                [
                    0,
                    0,
                    0,
                    1
                ]
            ]
        },
        {
            "file_path": "004.png",
            "camera_angle_x": 0.9774184062300354,
            "proj_type": 0,
            "azimuth": 0.919161782189022,
            "elevation": -0.2535387231949313,
            "cam_dis": 1.8446222606934917,
            "transform_matrix": [
                [
                    -0.7950937151908875,
                    0.152125746011734,
                    0.5870980024337769,
                    1.0829739570617676
                ],
                [
                    0.6064868569374084,
                    0.1994341015815735,
                    0.7696751356124878,
                    1.419759750366211
                ],
                [
                    2.4429205325304792e-09,
                    0.9680309295654297,
                    -0.2508311867713928,
                    -0.4626886546611786
                ],
                [
                    0,
                    0,
                    0,
                    1
                ]
            ]
        },
        {
            "file_path": "005.png",
            "camera_angle_x": 1.0237654156350857,
            "proj_type": 0,
            "azimuth": 4.060754435778815,
            "elevation": -0.08426413262505128,
            "cam_dis": 1.7680500620607977,
            "transform_matrix": [
                [
                    0.7950934767723083,
                    -0.05104462429881096,
                    -0.6043350100517273,
                    -1.068494439125061
                ],
                [
                    -0.6064869165420532,
                    -0.06691862642765045,
                    -0.7922725081443787,
                    -1.4007773399353027
                ],
                [
                    4.678135212543566e-08,
                    0.9964519739151001,
                    -0.08416447788476944,
                    -0.14880695939064026
                ],
                [
                    0,
                    0,
                    0,
                    1
                ]
            ]
        },
        {
            "file_path": "006.png",
            "camera_angle_x": 1.0209503064284446,
            "proj_type": 0,
            "azimuth": 2.4899581089839185,
            "elevation": 0.027504206751713278,
            "cam_dis": 1.7724924232245873,
            "transform_matrix": [
                [
                    -0.606486976146698,
                    0.02186565287411213,
                    -0.794792890548706,
                    -1.4087642431259155
                ],
                [
                    -0.7950935959815979,
                    -0.016678860411047935,
                    0.6062574982643127,
                    1.0745867490768433
                ],
                [
                    3.793984149069729e-08,
                    0.9996218681335449,
                    0.02750062383711338,
                    0.04874485358595848
                ],
                [
                    0,
                    0,
                    0,
                    1
                ]
            ]
        },
        {
            "file_path": "007.png",
            "camera_angle_x": 1.0190777807691644,
            "proj_type": 0,
            "azimuth": 5.631550762573712,
            "elevation": 0.08315208422787146,
            "cam_dis": 1.7754616833386918,
            "transform_matrix": [
                [
                    0.6064867973327637,
                    -0.0660373792052269,
                    0.7923465371131897,
                    1.4067806005477905
                ],
                [
                    0.7950936555862427,
                    0.05037226900458336,
                    -0.6043914556503296,
                    -1.0730736255645752
                ],
                [
                    -1.1474739380901156e-08,
                    0.9965450763702393,
                    0.08305593580007553,
                    0.14746326208114624
                ],
                [
                    0,
                    0,
                    0,
                    1
                ]
            ]
        },
        {
            "file_path": "008.png",
            "camera_angle_x": 0.3657288808380583,
            "proj_type": 0,
            "azimuth": 0.5264627004902979,
            "elevation": 0.13905959626515152,
            "cam_dis": 4.762384968144768,
            "transform_matrix": [
                [
                    -0.5024781823158264,
                    -0.11984243243932724,
                    0.8562438488006592,
                    4.077762603759766
                ],
                [
                    0.8645899295806885,
                    -0.06964945048093796,
                    0.4976276457309723,
                    2.369894504547119
                ],
                [
                    -1.5423889720977968e-08,
                    0.9903467893600464,
                    0.13861183822155,
                    0.6601229906082153
                ],
                [
                    0,
                    0,
                    0,
                    1
                ]
            ]
        },
        {
            "file_path": "009.png",
            "camera_angle_x": 0.9404543010664453,
            "proj_type": 0,
            "azimuth": 3.668055354080091,
            "elevation": 0.19540863155941146,
            "cam_dis": 1.9113812026103998,
            "transform_matrix": [
                [
                    0.5024781227111816,
                    0.16787515580654144,
                    -0.8481354713439941,
                    -1.621109962463379
                ],
                [
                    -0.8645899891853333,
                    0.09756475687026978,
                    -0.49291518330574036,
                    -0.9421488642692566
                ],
                [
                    -5.612021780621035e-08,
                    0.9809684753417969,
                    0.19416730105876923,
                    0.3711279332637787
                ],
                [
                    0,
                    0,
                    0,
                    1
                ]
            ]
        },
        {
            "file_path": "010.png",
            "camera_angle_x": 0.4601636447006902,
            "proj_type": 0,
            "azimuth": 2.0972590272851943,
            "elevation": 0.25239414143794714,
            "cam_dis": 3.7974045111016728,
            "transform_matrix": [
                [
                    -0.864590048789978,
                    0.1254803091287613,
                    -0.48655837774276733,
                    -1.8476587533950806
                ],
                [
                    -0.5024782419204712,
                    -0.21590794622898102,
                    0.837197482585907,
                    3.1791770458221436
                ],
                [
                    1.183577502672506e-08,
                    0.968317449092865,
                    0.24972279369831085,
                    0.9482991099357605
                ],
                [
                    0,
                    0,
                    0,
                    1
                ]
            ]
        },
        {
            "file_path": "011.png",
            "camera_angle_x": 1.2008475747932388,
            "proj_type": 0,
            "azimuth": 5.238851680874988,
            "elevation": 0.31023089453217634,
            "cam_dis": 1.5328095146443697,
            "transform_matrix": [
                [
                    0.8645898699760437,
                    -0.15339578688144684,
                    0.4784914553165436,
                    0.7334362268447876
                ],
                [
                    0.5024781823158264,
                    0.263940691947937,
                    -0.8233171105384827,
                    -1.2619881629943848
                ],
                [
                    -1.543291894279264e-08,
                    0.9522631764411926,
                    0.305278480052948,
                    0.4679338037967682
                ],
                [
                    0,
                    0,
                    0,
                    1
                ]
            ]
        },
        {
            "file_path": "012.png",
            "camera_angle_x": 0.8353472257351954,
            "proj_type": 0,
            "azimuth": 1.3118608638877463,
            "elevation": 0.36916206187854805,
            "cam_dis": 2.1349860754284373,
            "transform_matrix": [
                [
                    -0.9666631817817688,
                    -0.09239214658737183,
                    0.2388014793395996,
                    0.509837806224823
                ],
                [
                    0.2560516595840454,
                    -0.3488050401210785,
                    0.9015390872955322,
                    1.9247733354568481
                ],
                [
                    1.8535873280711712e-08,
                    0.9326300621032715,
                    0.3608340322971344,
                    0.7703757286071777
                ],
                [
                    0,
                    0,
                    0,
                    1
                ]
            ]
        },
        {
            "file_path": "013.png",
            "camera_angle_x": 0.5416202974671933,
            "proj_type": 0,
            "azimuth": 4.45345351747754,
            "elevation": 0.42947069950459227,
            "cam_dis": 3.2373311418210204,
            "transform_matrix": [
                [
                    0.966663122177124,
                    0.106617271900177,
                    -0.23279866576194763,
                    -0.7536463141441345
                ],
                [
                    -0.2560516893863678,
                    0.4025084972381592,
                    -0.8788768649101257,
                    -2.845215320587158
                ],
                [
                    3.163460604582724e-09,
                    0.9091863036155701,
                    0.4163896441459656,
                    1.3479911088943481
                ],
                [
                    0,
                    0,
                    0,
                    1
                ]
            ]
        },
        {
            "file_path": "014.png",
            "camera_angle_x": 0.6138891822439628,
            "proj_type": 0,
            "azimuth": 2.8826571906826426,
            "elevation": 0.49149583279715436,
            "cam_dis": 2.86623437608188,
            "transform_matrix": [
                [
                    -0.256051629781723,
                    0.45621195435523987,
                    -0.8522371649742126,
                    -2.442711353302002
                ],
                [
                    -0.9666630625724792,
                    -0.12084230780601501,
                    0.22574229538440704,
                    0.6470302939414978
                ],
                [
                    1.832842855264971e-08,
                    0.8816279172897339,
                    0.4719451367855072,
                    1.352705478668213
                ],
                [
                    0,
                    0,
                    0,
                    1
                ]
            ]
        },
        {
            "file_path": "015.png",
            "camera_angle_x": 1.0862986737496754,
            "proj_type": 0,
            "azimuth": 6.024249844272436,
            "elevation": 0.5556560208053982,
            "cam_dis": 1.6756334002893705,
            "transform_matrix": [
                [
                    0.25605154037475586,
                    -0.5099155902862549,
                    0.8212331533432007,
                    1.3760855197906494
                ],
                [
                    0.9666631817817688,
                    0.13506728410720825,
                    -0.21752986311912537,
                    -0.3645002841949463
                ],
                [
                    5.278339187952952e-08,
                    0.8495546579360962,
                    0.5275006890296936,
                    0.8838978409767151
                ],
                [
                    0,
                    0,
                    0,
                    1
                ]
            ]
        },
        {
            "file_path": "016.png",
            "camera_angle_x": 1.1601964293929108,
            "proj_type": 0,
            "azimuth": 0.3301131596409358,
            "elevation": 0.6224855444045341,
            "cam_dis": 1.5800324503014709,
            "transform_matrix": [
                [
                    -0.3241501748561859,
                    -0.5515745282173157,
                    0.7685651183128357,
                    1.2143577337265015
                ],
                [
                    0.9460057020187378,
                    -0.18899790942668915,
                    0.2633498013019562,
                    0.41610124707221985
                ],
                [
                    1.224875063599029e-07,
                    0.812431812286377,
                    0.5830562710762024,
                    0.9212478399276733
                ],
                [
                    0,
                    0,
                    0,
                    1
                ]
            ]
        },
        {
            "file_path": "017.png",
            "camera_angle_x": 0.8203189962673869,
            "proj_type": 0,
            "azimuth": 3.471705813230729,
            "elevation": 0.6926930171390508,
            "cam_dis": 2.17182003086368,
            "transform_matrix": [
                [
                    0.32415008544921875,
                    0.6041304469108582,
                    -0.7279788255691528,
                    -1.5810389518737793
                ],
                [
                    -0.9460057020187378,
                    0.20700609683990479,
                    -0.2494429051876068,
                    -0.5417450666427612
                ],
                [
                    8.289772424063813e-09,
                    0.7695290446281433,
                    0.6386118531227112,
                    1.3869500160217285
                ],
                [
                    0,
                    0,
                    0,
                    1
                ]
            ]
        },
        {
            "file_path": "018.png",
            "camera_angle_x": 1.1750726237638152,
            "proj_type": 0,
            "azimuth": 1.9009094864358325,
            "elevation": 0.7672625744267174,
            "cam_dis": 1.5623424302896538,
            "transform_matrix": [
                [
                    -0.946005642414093,
                    0.22501441836357117,
                    -0.23332761228084564,
                    -0.36453765630722046
                ],
                [
                    -0.32415005564689636,
                    -0.6566862463951111,
                    0.6809477210044861,
                    1.063873529434204
                ],
                [
                    2.4346444860157135e-09,
                    0.7198135256767273,
                    0.69416743516922,
                    1.0845271348953247
                ],
                [
                    0,
                    0,
                    0,
                    1
                ]
            ]
        },
        {
            "file_path": "019.png",
            "camera_angle_x": 1.1127816423210075,
            "proj_type": 0,
            "azimuth": 5.042502140025626,
            "elevation": 0.8476433353395434,
            "cam_dis": 1.63981188217723,
            "transform_matrix": [
                [
                    0.946005642414093,
                    -0.24302273988723755,
                    0.21450692415237427,
                    0.3517509698867798
                ],
                [
                    0.32415008544921875,
                    0.7092421650886536,
                    -0.6260210275650024,
                    -1.0265566110610962
                ],
                [
                    -1.2241152091974072e-08,
                    0.6617518663406372,
                    0.7497228980064392,
                    1.2294045686721802
                ],
                [
                    0,
                    0,
                    0,
                    1
                ]
            ]
        },
        {
            "file_path": "020.png",
            "camera_angle_x": 0.4408421595155783,
            "proj_type": 0,
            "azimuth": 1.1155113230383842,
            "elevation": 0.9361450746959612,
            "cam_dis": 3.960955392955293,
            "transform_matrix": [
                [
                    -0.898135781288147,
                    -0.3540957272052765,
                    0.2607075572013855,
                    1.0326509475708008
                ],
                [
                    0.4397183358669281,
                    -0.7232494950294495,
                    0.532501757144928,
                    2.109215497970581
                ],
                [
                    -5.248903534038618e-10,
                    0.5928966999053955,
                    0.8052785396575928,
                    3.1896722316741943
                ],
                [
                    0,
                    0,
                    0,
                    1
                ]
            ]
        },
        {
            "file_path": "021.png",
            "camera_angle_x": 0.5584106244120403,
            "proj_type": 0,
            "azimuth": 4.257103976628177,
            "elevation": 1.0369064245291626,
            "cam_dis": 3.142420542031261,
            "transform_matrix": [
                [
                    0.898135781288147,
                    0.3785244822502136,
                    -0.22376637160778046,
                    -0.7031680345535278
                ],
                [
                    -0.4397182762622833,
                    0.773145854473114,
                    -0.4570484757423401,
                    -1.4362385272979736
                ],
                [
                    1.4124463376674612e-08,
                    0.5088857412338257,
                    0.8608340620994568,
                    2.7051026821136475
                ],
                [
                    0,
                    0,
                    0,
                    1
                ]
            ]
        },
        {
            "file_path": "022.png",
            "camera_angle_x": 0.6189668643315623,
            "proj_type": 0,
            "azimuth": 2.6863076498332807,
            "elevation": 1.1589658160466536,
            "cam_dis": 2.8434675999428194,
            "transform_matrix": [
                [
                    -0.4397183060646057,
                    0.8230422139167786,
                    -0.35951247811317444,
                    -1.0222620964050293
                ],
                [
                    -0.8981357216835022,
                    -0.40295329689979553,
                    0.1760137379169464,
                    0.5004892945289612
                ],
                [
                    -1.0243812909038752e-08,
                    0.4002874791622162,
                    0.9163896441459656,
                    2.605724334716797
                ],
                [
                    0,
                    0,
                    0,
                    1
                ]
            ]
        },
        {
            "file_path": "023.png",
            "camera_angle_x": 1.19898120613528,
            "proj_type": 0,
            "azimuth": 5.827900303423074,
            "elevation": 1.3333642922185516,
            "cam_dis": 1.5349019348941688,
            "transform_matrix": [
                [
                    0.4397182762622833,
                    -0.8729387521743774,
                    0.2112482190132141,
                    0.3242453336715698
                ],
                [
                    0.898135781288147,
                    0.42738208174705505,
                    -0.10342498123645782,
                    -0.15874728560447693
                ],
                [
                    -3.504838019807721e-08,
                    0.2352074235677719,
                    0.9719452261924744,
                    1.4918406009674072
                ],
                [
                    0,
                    0,
                    0,
                    1
                ]
            ]
        }
    ]
}