{
    "aabb": [
        [
            -0.5,
            -0.5,
            -0.5
        ],
        [
            0.5,
            0.5,
            0.5
        ]
    ],
    "scale": 0.5,
    "offset": [
        -0.0,
        -0.0,
        -0.0
    ],
    "frames": [
        {
            "file_path": "000.png",
            "camera_angle_x": 1.0355257786793064,
            "proj_type": 0,
            "azimuth": 0.27465817859147484,
            "elevation": -1.337939581442418,
            "cam_dis": 1.7497672408952267,
            "transform_matrix": [
                [
                    -0.27121788263320923,
                    0.9365407228469849,
                    0.22210882604122162,
                    0.3886387348175049
                ],
                [
                    0.9625179767608643,
                    0.2638980448246002,
                    0.0625857338309288,
                    0.10951047390699387
                ],
                [
                    2.95691471308146e-09,
                    0.23075811564922333,
                    -0.9730110764503479,
                    -1.702543020248413
                ],
                [
                    0,
                    0,
                    0,
                    1
                ]
            ]
        },
        {
            "file_path": "001.png",
            "camera_angle_x": 0.8994280547241109,
            "proj_type": 0,
            "azimuth": 3.416250832181268,
            "elevation": -0.9379451703541134,
            "cam_dis": 1.9922002302582749,
            "transform_matrix": [
                [
                    0.27121785283088684,
                    -0.7761210799217224,
                    -0.5692776441574097,
                    -1.1341148614883423
                ],
                [
                    -0.962518036365509,
                    -0.2186950445175171,
                    -0.1604108363389969,
                    -0.3195704519748688
                ],
                [
                    4.907750295046753e-08,
                    0.5914462208747864,
                    -0.8063445091247559,
                    -1.606399655342102
                ],
                [
                    0,
                    0,
                    0,
                    1
                ]
            ]
        },
        {
            "file_path": "002.png",
            "camera_angle_x": 0.4437815757485227,
            "proj_type": 0,
            "azimuth": 1.8454545053863713,
            "elevation": -0.6940790328054948,
            "cam_dis": 3.935147472966335,
            "transform_matrix": [
                [
                    -0.9625179767608643,
                    -0.17349210381507874,
                    -0.20846979320049286,
                    -0.820359468460083
                ],
                [
                    -0.271217942237854,
                    0.6157013773918152,
                    0.739832878112793,
                    2.911351442337036
                ],
                [
                    -1.54751482739357e-08,
                    0.7686431407928467,
                    -0.6396778225898743,
                    -2.517226457595825
                ],
                [
                    0,
                    0,
                    0,
                    1
                ]
            ]
        },
        {
            "file_path": "003.png",
            "camera_angle_x": 0.35281910157203383,
            "proj_type": 0,
            "azimuth": 4.987047158976164,
            "elevation": -0.4927053124281173,
            "cam_dis": 4.934730544806274,
            "transform_matrix": [
                [
                    0.9625179767608643,
                    0.1282891184091568,
                    0.23895829916000366,
                    1.1791949272155762
                ],
                [
                    0.271217942237854,
                    -0.45528173446655273,
                    -0.8480325937271118,
                    -4.184812545776367
                ],
                [
                    1.2006113436768828e-08,
                    0.8810563683509827,
                    -0.4730111360549927,
                    -2.3341825008392334
                ],
                [
                    0,
                    0,
                    0,
                    1
                ]
            ]
        },
        {
            "file_path": "004.png",
            "camera_angle_x": 1.178899129789789,
            "proj_type": 0,
            "azimuth": 1.060056341988923,
            "elevation": -0.31135049800989956,
            "cam_dis": 1.557869865413918,
            "transform_matrix": [
                [
                    -0.8723830580711365,
                    0.14974819123744965,
                    0.4653207063674927,
                    0.7249090671539307
                ],
                [
                    0.48882293701171875,
                    0.26724961400032043,
                    0.8304395079612732,
                    1.2937166690826416
                ],
                [
                    4.0187856598095095e-08,
                    0.951920747756958,
                    -0.3063444197177887,
                    -0.4772448241710663
                ],
                [
                    0,
                    0,
                    0,
                    1
                ]
            ]
        },
        {
            "file_path": "005.png",
            "camera_angle_x": 1.0335283282536059,
            "proj_type": 0,
            "azimuth": 4.201648995578716,
            "elevation": -0.1401360333854118,
            "cam_dis": 1.7528415380410753,
            "transform_matrix": [
                [
                    0.8723829984664917,
                    -0.06827771663665771,
                    -0.4840310215950012,
                    -0.8484296202659607
                ],
                [
                    -0.48882296681404114,
                    -0.12185241281986237,
                    -0.8638310432434082,
                    -1.5141589641571045
                ],
                [
                    5.2326122101931105e-08,
                    0.9901970028877258,
                    -0.13967768847942352,
                    -0.2448330819606781
                ],
                [
                    0,
                    0,
                    0,
                    1
                ]
            ]
        },
        {
            "file_path": "006.png",
            "camera_angle_x": 0.9240924433667858,
            "proj_type": 0,
            "azimuth": 2.63085266878382,
            "elevation": 0.008996404980542216,
            "cam_dis": 1.9427162437428647,
            "transform_matrix": [
                [
                    -0.4888230264186859,
                    0.007848252542316914,
                    -0.8723477721214294,
                    -1.6947240829467773
                ],
                [
                    -0.8723830580711365,
                    -0.004397639539092779,
                    0.4888032078742981,
                    0.9496058225631714
                ],
                [
                    3.780771962169638e-08,
                    0.9999595880508423,
                    0.008996250107884407,
                    0.01747722551226616
                ],
                [
                    0,
                    0,
                    0,
                    1
                ]
            ]
        },
        {
            "file_path": "007.png",
            "camera_angle_x": 1.157767732244302,
            "proj_type": 0,
            "azimuth": 5.7724453223736125,
            "elevation": 0.06459675406029186,
            "cam_dis": 1.5829670026945988,
            "transform_matrix": [
                [
                    0.4888228476047516,
                    -0.05631387233734131,
                    0.8705636858940125,
                    1.3780733346939087
                ],
                [
                    0.872383177280426,
                    0.03155425190925598,
                    -0.48780348896980286,
                    -0.7721767425537109
                ],
                [
                    -7.440804083991281e-10,
                    0.9979144930839539,
                    0.06455163657665253,
                    0.10218343138694763
                ],
                [
                    0,
                    0,
                    0,
                    1
                ]
            ]
        },
        {
            "file_path": "008.png",
            "camera_angle_x": 0.27564057514521156,
            "proj_type": 0,
            "azimuth": 0.667357260290199,
            "elevation": 0.1203980595345493,
            "cam_dis": 6.3036662946448105,
            "transform_matrix": [
                [
                    -0.6189124584197998,
                    -0.09433955699205399,
                    0.779774010181427,
                    4.915435314178467
                ],
                [
                    0.7854600548744202,
                    -0.074335977435112,
                    0.6144320368766785,
                    3.8731744289398193
                ],
                [
                    -6.100794536223475e-09,
                    0.992760956287384,
                    0.12010736763477325,
                    0.7571169137954712
                ],
                [
                    0,
                    0,
                    0,
                    1
                ]
            ]
        },
        {
            "file_path": "009.png",
            "camera_angle_x": 0.7803271691052125,
            "proj_type": 0,
            "azimuth": 3.8089499138799923,
            "elevation": 0.17657914951241915,
            "cam_dis": 2.276978656272018,
            "transform_matrix": [
                [
                    0.6189123392105103,
                    0.13797615468502045,
                    -0.7732464671134949,
                    -1.7606655359268188
                ],
                [
                    -0.7854601144790649,
                    0.1087198406457901,
                    -0.6092885732650757,
                    -1.3873369693756104
                ],
                [
                    7.488896613949692e-09,
                    0.9844504594802856,
                    0.17566277086734772,
                    0.3999807834625244
                ],
                [
                    0,
                    0,
                    0,
                    1
                ]
            ]
        },
        {
            "file_path": "010.png",
            "camera_angle_x": 1.1826784350760144,
            "proj_type": 0,
            "azimuth": 2.2381535870850957,
            "elevation": 0.23332994163781384,
            "cam_dis": 1.553483101301796,
            "transform_matrix": [
                [
                    -0.7854601740837097,
                    0.14310400187969208,
                    -0.6021410822868347,
                    -0.9354158639907837
                ],
                [
                    -0.6189124584197998,
                    -0.18161290884017944,
                    0.7641755938529968,
                    1.1871337890625
                ],
                [
                    4.564640931903341e-08,
                    0.9729019403457642,
                    0.2312183529138565,
                    0.3591940402984619
                ],
                [
                    0,
                    0,
                    0,
                    1
                ]
            ]
        },
        {
            "file_path": "011.png",
            "camera_angle_x": 0.6450814348742463,
            "proj_type": 0,
            "azimuth": 5.379746240674889,
            "elevation": 0.2908577582553542,
            "cam_dis": 2.732137139747003,
            "transform_matrix": [
                [
                    0.7854599952697754,
                    -0.1774880439043045,
                    0.5929170250892639,
                    1.6199305057525635
                ],
                [
                    0.618912398815155,
                    0.22524957358837128,
                    -0.7524693012237549,
                    -2.055849313735962
                ],
                [
                    -8.26848634005728e-09,
                    0.9579982757568359,
                    0.2867740988731384,
                    0.7835060358047485
                ],
                [
                    0,
                    0,
                    0,
                    1
                ]
            ]
        },
        {
            "file_path": "012.png",
            "camera_angle_x": 0.902099513717978,
            "proj_type": 0,
            "azimuth": 1.4527554236876472,
            "elevation": 0.3493952051082925,
            "cam_dis": 1.9867044147559447,
            "transform_matrix": [
                [
                    -0.9930412769317627,
                    -0.04031512141227722,
                    0.11065148562192917,
                    0.21983177959918976
                ],
                [
                    0.11776696890592575,
                    -0.3399474322795868,
                    0.9330416321754456,
                    1.8536778688430786
                ],
                [
                    -7.905862631218952e-10,
                    0.939579963684082,
                    0.34232959151268005,
                    0.6801077723503113
                ],
                [
                    0,
                    0,
                    0,
                    1
                ]
            ]
        },
        {
            "file_path": "013.png",
            "camera_angle_x": 0.5699390567349029,
            "proj_type": 0,
            "azimuth": 4.5943480772774405,
            "elevation": 0.409210538775562,
            "cam_dis": 3.0805354175092443,
            "transform_matrix": [
                [
                    0.9930412769317627,
                    0.04685773700475693,
                    -0.10804357379674911,
                    -0.3328320384025574
                ],
                [
                    -0.11776698380708694,
                    0.39511632919311523,
                    -0.9110510945320129,
                    -2.8065249919891357
                ],
                [
                    -3.4068978749246526e-09,
                    0.9174352884292603,
                    0.39788511395454407,
                    1.2256994247436523
                ],
                [
                    0,
                    0,
                    0,
                    1
                ]
            ]
        },
        {
            "file_path": "014.png",
            "camera_angle_x": 0.46987761811230766,
            "proj_type": 0,
            "azimuth": 3.023551750482544,
            "elevation": 0.47062197179321563,
            "cam_dis": 3.7203044590751255,
            "transform_matrix": [
                [
                    -0.11776706576347351,
                    0.45028531551361084,
                    -0.8850842118263245,
                    -3.292782783508301
                ],
                [
                    -0.9930412173271179,
                    -0.05340048670768738,
                    0.10496413707733154,
                    0.39049842953681946
                ],
                [
                    -1.2182859165932314e-07,
                    0.8912864327430725,
                    0.45344072580337524,
                    1.6869375705718994
                ],
                [
                    0,
                    0,
                    0,
                    1
                ]
            ]
        },
        {
            "file_path": "015.png",
            "camera_angle_x": 1.1197233618403315,
            "proj_type": 0,
            "azimuth": 6.165144404072337,
            "elevation": 0.5340183179506592,
            "cam_dis": 1.6307210582366098,
            "transform_matrix": [
                [
                    0.11776690930128098,
                    -0.5054542422294617,
                    0.8547789454460144,
                    1.3939058780670166
                ],
                [
                    0.9930413365364075,
                    0.059942882508039474,
                    -0.10137011855840683,
                    -0.16530638933181763
                ],
                [
                    2.205418070388987e-09,
                    0.8607687950134277,
                    0.5089961886405945,
                    0.8300309777259827
                ],
                [
                    0,
                    0,
                    0,
                    1
                ]
            ]
        },
        {
            "file_path": "016.png",
            "camera_angle_x": 1.1994665602443102,
            "proj_type": 0,
            "azimuth": 0.4710077194408369,
            "elevation": 0.599890189145964,
            "cam_dis": 1.534357117449408,
            "transform_matrix": [
                [
                    -0.45378443598747253,
                    -0.5030785799026489,
                    0.7355213165283203,
                    1.1285523176193237
                ],
                [
                    0.8911114931106567,
                    -0.25618478655815125,
                    0.3745526373386383,
                    0.5746974945068359
                ],
                [
                    -3.490099942382585e-08,
                    0.8253976106643677,
                    0.564551830291748,
                    0.8662241101264954
                ],
                [
                    0,
                    0,
                    0,
                    1
                ]
            ]
        },
        {
            "file_path": "017.png",
            "camera_angle_x": 0.18694728401882893,
            "proj_type": 0,
            "azimuth": 3.61260037303063,
            "elevation": 0.668879588620344,
            "cam_dis": 9.27842112090231,
            "transform_matrix": [
                [
                    0.4537844657897949,
                    0.5525847673416138,
                    -0.6990920901298523,
                    -6.4864702224731445
                ],
                [
                    -0.8911114931106567,
                    0.2813950479030609,
                    -0.35600167512893677,
                    -3.303133010864258
                ],
                [
                    -2.7364126964357638e-08,
                    0.7845169901847839,
                    0.6201072931289673,
                    5.753617763519287
                ],
                [
                    0,
                    0,
                    0,
                    1
                ]
            ]
        },
        {
            "file_path": "018.png",
            "camera_angle_x": 1.1370323668767828,
            "proj_type": 0,
            "azimuth": 2.0418040462357334,
            "elevation": 0.741863600485527,
            "cam_dis": 1.608569818800852,
            "transform_matrix": [
                [
                    -0.8911116719245911,
                    0.30660539865493774,
                    -0.33453476428985596,
                    -0.5381225347518921
                ],
                [
                    -0.4537845253944397,
                    -0.6020912528038025,
                    0.6569368839263916,
                    1.0567288398742676
                ],
                [
                    -6.4243295128108e-09,
                    0.7372106909751892,
                    0.6756629943847656,
                    1.0868510007858276
                ],
                [
                    0,
                    0,
                    0,
                    1
                ]
            ]
        },
        {
            "file_path": "019.png",
            "camera_angle_x": 1.1485966211370018,
            "proj_type": 0,
            "azimuth": 5.1833966998255265,
            "elevation": 0.8201065347579157,
            "cam_dis": 1.5941686003725664,
            "transform_matrix": [
                [
                    0.8911114931106567,
                    -0.33181560039520264,
                    0.3095460534095764,
                    0.49346861243247986
                ],
                [
                    0.4537844955921173,
                    0.6515972018241882,
                    -0.6078657507896423,
                    -0.9690404534339905
                ],
                [
                    -1.27473667177469e-08,
                    0.6821433901786804,
                    0.7312184572219849,
                    1.1656855344772339
                ],
                [
                    0,
                    0,
                    0,
                    1
                ]
            ]
        },
        {
            "file_path": "020.png",
            "camera_angle_x": 1.0824251526437982,
            "proj_type": 0,
            "azimuth": 1.2564058828382851,
            "elevation": 0.9055650642226558,
            "cam_dis": 1.6810293783821983,
            "transform_matrix": [
                [
                    -0.9509850144386292,
                    -0.24329952895641327,
                    0.19087369740009308,
                    0.3208642899990082
                ],
                [
                    0.3092368543148041,
                    -0.7482103109359741,
                    0.5869870781898499,
                    0.9867424964904785
                ],
                [
                    -6.489172754697847e-09,
                    0.6172411441802979,
                    0.7867740392684937,
                    1.3225903511047363
                ],
                [
                    0,
                    0,
                    0,
                    1
                ]
            ]
        },
        {
            "file_path": "021.png",
            "camera_angle_x": 1.1280315402649288,
            "proj_type": 0,
            "azimuth": 4.397998536428078,
            "elevation": 1.0015911420238401,
            "cam_dis": 1.619997863860845,
            "transform_matrix": [
                [
                    0.9509850740432739,
                    0.2604793310165405,
                    -0.1666671186685562,
                    -0.2700003981590271
                ],
                [
                    -0.3092368245124817,
                    0.8010428547859192,
                    -0.5125454664230347,
                    -0.8303226232528687
                ],
                [
                    -9.434949710396268e-09,
                    0.538962721824646,
                    0.8423296213150024,
                    1.3645721673965454
                ],
                [
                    0,
                    0,
                    0,
                    1
                ]
            ]
        },
        {
            "file_path": "022.png",
            "camera_angle_x": 0.35698647762872854,
            "proj_type": 0,
            "azimuth": 2.8272022096331817,
            "elevation": 1.1149418103945248,
            "cam_dis": 4.877726076598961,
            "transform_matrix": [
                [
                    -0.3092368543148041,
                    0.8538752794265747,
                    -0.4186519384384155,
                    -2.04206919670105
                ],
                [
                    -0.9509850144386292,
                    -0.277659147977829,
                    0.13613533973693848,
                    0.6640304923057556
                ],
                [
                    3.6698462935191856e-08,
                    0.4402298033237457,
                    0.8978851437568665,
                    4.379637718200684
                ],
                [
                    0,
                    0,
                    0,
                    1
                ]
            ]
        },
        {
            "file_path": "023.png",
            "camera_angle_x": 0.1961765035750733,
            "proj_type": 0,
            "azimuth": 5.968794863222975,
            "elevation": 1.2644464606217976,
            "cam_dis": 8.843216839440409,
            "transform_matrix": [
                [
                    0.3092367947101593,
                    -0.9067078828811646,
                    0.28679853677749634,
                    2.536221504211426
                ],
                [
                    0.9509850740432739,
                    0.29483896493911743,
                    -0.093259796500206,
                    -0.8247165679931641
                ],
                [
                    2.1380115455826854e-09,
                    0.3015804886817932,
                    0.9534407258033752,
                    8.431483268737793
                ],
                [
                    0,
                    0,
                    0,
                    1
                ]
            ]
        }
    ]
}