{
    "aabb": [
        [
            -0.5,
            -0.5,
            -0.5
        ],
        [
            0.5,
            0.5,
            0.5
        ]
    ],
    "scale": 0.12009850914549433,
    "offset": [
        -0.001708298921585083,
        0.010338127613067627,
        -0.12456873059272766
    ],
    "frames": [
        {
            "file_path": "000.png",
            "camera_angle_x": 1.0374637567760616,
            "proj_type": 0,
            "azimuth": 4.660678858445984,
            "elevation": -1.110125582000416,
            "cam_dis": 1.746796430310589,
            "transform_matrix": [
                [
                    0.9986633062362671,
                    -0.04629893973469734,
                    -0.02297743782401085,
                    -0.0401369109749794
                ],
                [
                    -0.0516870841383934,
                    -0.8945572972297668,
                    -0.4439547657966614,
                    -0.7754986882209778
                ],
                [
                    1.5112798790184456e-09,
                    0.44454899430274963,
                    -0.8957546353340149,
                    -1.5647008419036865
                ],
                [
                    0,
                    0,
                    0,
                    1
                ]
            ]
        },
        {
            "file_path": "001.png",
            "camera_angle_x": 1.0774387161432069,
            "proj_type": 0,
            "azimuth": 7.802271512035777,
            "elevation": -0.816988273812989,
            "cam_dis": 1.6880364303238857,
            "transform_matrix": [
                [
                    -0.9986633062362671,
                    0.037684425711631775,
                    0.035375677049160004,
                    0.059715431183576584
                ],
                [
                    0.051687080413103104,
                    0.7281133532524109,
                    0.6835052371025085,
                    1.153781771659851
                ],
                [
                    3.9865166723274115e-10,
                    0.684420108795166,
                    -0.7290878295898438,
                    -1.2307268381118774
                ],
                [
                    0,
                    0,
                    0,
                    1
                ]
            ]
        },
        {
            "file_path": "002.png",
            "camera_angle_x": 1.1655646155166506,
            "proj_type": 0,
            "azimuth": 6.231475185240881,
            "elevation": -0.5973110962085811,
            "cam_dis": 1.573592814877011,
            "transform_matrix": [
                [
                    0.05168694630265236,
                    0.5616694688796997,
                    0.825745701789856,
                    1.2993874549865723
                ],
                [
                    0.9986634254455566,
                    -0.029069919139146805,
                    -0.042737461626529694,
                    -0.06725143641233444
                ],
                [
                    -2.0161973424137614e-08,
                    0.826850950717926,
                    -0.5624213218688965,
                    -0.8850219249725342
                ],
                [
                    0,
                    0,
                    0,
                    1
                ]
            ]
        },
        {
            "file_path": "003.png",
            "camera_angle_x": 1.1051754744587776,
            "proj_type": 0,
            "azimuth": 9.373067838830673,
            "elevation": -0.4068893041583195,
            "cam_dis": 1.649912909864013,
            "transform_matrix": [
                [
                    -0.05168712139129639,
                    -0.39522549510002136,
                    -0.91712886095047,
                    -1.5131826400756836
                ],
                [
                    -0.9986633658409119,
                    0.020455393940210342,
                    0.047467172145843506,
                    0.07831667363643646
                ],
                [
                    1.2816382621849698e-08,
                    0.9183563590049744,
                    -0.39575448632240295,
                    -0.652960479259491
                ],
                [
                    0,
                    0,
                    0,
                    1
                ]
            ]
        },
        {
            "file_path": "004.png",
            "camera_angle_x": 0.9113288141161063,
            "proj_type": 0,
            "azimuth": 5.446077021843433,
            "elevation": -0.2311405122095591,
            "cam_dis": 1.9679755423914804,
            "transform_matrix": [
                [
                    0.7427098751068115,
                    0.15340033173561096,
                    0.6518054604530334,
                    1.2827372550964355
                ],
                [
                    0.6696133613586426,
                    -0.17014583945274353,
                    -0.7229580879211426,
                    -1.4227638244628906
                ],
                [
                    -2.831684930981737e-08,
                    0.9734057784080505,
                    -0.2290879189968109,
                    -0.4508392810821533
                ],
                [
                    0,
                    0,
                    0,
                    1
                ]
            ]
        },
        {
            "file_path": "005.png",
            "camera_angle_x": 1.0185669072271095,
            "proj_type": 0,
            "azimuth": 8.587669675433226,
            "elevation": -0.06246179437350663,
            "cam_dis": 1.7762737731425953,
            "transform_matrix": [
                [
                    -0.7427098751068115,
                    -0.04179804399609566,
                    -0.6683075428009033,
                    -1.1870970726013184
                ],
                [
                    -0.6696133613586426,
                    0.04636082053184509,
                    0.7412615418434143,
                    1.3166834115982056
                ],
                [
                    5.9474203339959786e-09,
                    0.9980499148368835,
                    -0.06242116913199425,
                    -0.11087711900472641
                ],
                [
                    0,
                    0,
                    0,
                    1
                ]
            ]
        },
        {
            "file_path": "006.png",
            "camera_angle_x": 1.0127807623200604,
            "proj_type": 0,
            "azimuth": 7.016873348638328,
            "elevation": 0.03475548999225597,
            "cam_dis": 1.7855317752474125,
            "transform_matrix": [
                [
                    -0.6696133613586426,
                    -0.025808073580265045,
                    0.7422612905502319,
                    1.325331211090088
                ],
                [
                    0.7427098155021667,
                    -0.023268086835741997,
                    0.6692090034484863,
                    1.1948938369750977
                ],
                [
                    2.1959511542490873e-08,
                    0.9993960857391357,
                    0.03474857285618782,
                    0.06204453855752945
                ],
                [
                    0,
                    0,
                    0,
                    1
                ]
            ]
        },
        {
            "file_path": "007.png",
            "camera_angle_x": 0.900667647097779,
            "proj_type": 0,
            "azimuth": 10.158466002228122,
            "elevation": 0.09042723701568334,
            "cam_dis": 1.9896458813438416,
            "transform_matrix": [
                [
                    0.669613242149353,
                    0.06706970185041428,
                    -0.7396754026412964,
                    -1.4716920852661133
                ],
                [
                    -0.7427099347114563,
                    0.06046876311302185,
                    -0.6668773889541626,
                    -1.3268499374389648
                ],
                [
                    -1.2994487263995325e-08,
                    0.9959142208099365,
                    0.09030402451753616,
                    0.17967307567596436
                ],
                [
                    0,
                    0,
                    0,
                    1
                ]
            ]
        },
        {
            "file_path": "008.png",
            "camera_angle_x": 1.0480231325131752,
            "proj_type": 0,
            "azimuth": 5.053377940144709,
            "elevation": 0.14638181396927674,
            "cam_dis": 1.7308134677573894,
            "transform_matrix": [
                [
                    0.9424244165420532,
                    -0.048778269439935684,
                    0.3308427631855011,
                    0.5726271271705627
                ],
                [
                    0.33441928029060364,
                    0.13746170699596405,
                    -0.9323455095291138,
                    -1.6137161254882812
                ],
                [
                    -2.3536529170087306e-08,
                    0.989305317401886,
                    0.14585965871810913,
                    0.25245577096939087
                ],
                [
                    0,
                    0,
                    0,
                    1
                ]
            ]
        },
        {
            "file_path": "009.png",
            "camera_angle_x": 1.068194908222242,
            "proj_type": 0,
            "azimuth": 8.194970593734501,
            "elevation": 0.20280247586254507,
            "cam_dis": 1.701209913413193,
            "transform_matrix": [
                [
                    -0.9424243569374084,
                    0.06735709309577942,
                    -0.32756567001342773,
                    -0.5572579503059387
                ],
                [
                    -0.33441925048828125,
                    -0.18981853127479553,
                    0.92311030626297,
                    1.5704044103622437
                ],
                [
                    -2.3689310069130443e-08,
                    0.9795058965682983,
                    0.20141519606113434,
                    0.3426494598388672
                ],
                [
                    0,
                    0,
                    0,
                    1
                ]
            ]
        },
        {
            "file_path": "010.png",
            "camera_angle_x": 0.8630822425465373,
            "proj_type": 0,
            "azimuth": 6.624174266939605,
            "elevation": 0.25988634535523114,
            "cam_dis": 2.0704880993996264,
            "transform_matrix": [
                [
                    -0.3344193398952484,
                    -0.24217543005943298,
                    0.9107770919799805,
                    1.8857530355453491
                ],
                [
                    0.942424476146698,
                    -0.08593598753213882,
                    0.32318922877311707,
                    0.6691594123840332
                ],
                [
                    -1.0598057542665629e-08,
                    0.9664192795753479,
                    0.25697061419487,
                    0.5320547819137573
                ],
                [
                    0,
                    0,
                    0,
                    1
                ]
            ]
        },
        {
            "file_path": "011.png",
            "camera_angle_x": 0.7549905398987745,
            "proj_type": 0,
            "azimuth": 9.765766920529398,
            "elevation": 0.31785136021403737,
            "cam_dis": 2.3495421962543483,
            "transform_matrix": [
                [
                    0.33441922068595886,
                    0.29453232884407043,
                    -0.8952175974845886,
                    -2.103351354598999
                ],
                [
                    -0.9424244165420532,
                    0.10451468080282211,
                    -0.3176679313182831,
                    -0.7463741898536682
                ],
                [
                    -6.51004583573922e-08,
                    0.9499091506004333,
                    0.3125261664390564,
                    0.7342936396598816
                ],
                [
                    0,
                    0,
                    0,
                    1
                ]
            ]
        },
        {
            "file_path": "012.png",
            "camera_angle_x": 0.5652475927376874,
            "proj_type": 0,
            "azimuth": 5.838776103542157,
            "elevation": 0.37694516581394577,
            "cam_dis": 3.1054104575244263,
            "transform_matrix": [
                [
                    0.42992454767227173,
                    -0.332328200340271,
                    0.8394777774810791,
                    2.6069231033325195
                ],
                [
                    0.9028648138046265,
                    0.1582474559545517,
                    -0.399740993976593,
                    -1.2413599491119385
                ],
                [
                    -4.093403660476724e-08,
                    0.9297934174537659,
                    0.36808186769485474,
                    1.14304518699646
                ],
                [
                    0,
                    0,
                    0,
                    1
                ]
            ]
        },
        {
            "file_path": "013.png",
            "camera_angle_x": 0.6114968365493639,
            "proj_type": 0,
            "azimuth": 8.980368757131949,
            "elevation": 0.4374570831998841,
            "cam_dis": 2.877094211095251,
            "transform_matrix": [
                [
                    -0.42992448806762695,
                    0.3824872672557831,
                    -0.8178436756134033,
                    -2.353013515472412
                ],
                [
                    -0.9028647541999817,
                    -0.1821320801973343,
                    0.38943931460380554,
                    1.1204537153244019
                ],
                [
                    -3.155202321636352e-08,
                    0.9058318138122559,
                    0.42363741993904114,
                    1.2188446521759033
                ],
                [
                    0,
                    0,
                    0,
                    1
                ]
            ]
        },
        {
            "file_path": "014.png",
            "camera_angle_x": 1.201906832447373,
            "proj_type": 0,
            "azimuth": 7.409572430337053,
            "elevation": 0.4997349719159301,
            "cam_dis": 1.5316250898838157,
            "transform_matrix": [
                [
                    -0.9028648138046265,
                    -0.20601683855056763,
                    0.3773488998413086,
                    0.577957034111023
                ],
                [
                    0.4299245774745941,
                    -0.4326464533805847,
                    0.7924531102180481,
                    1.2137410640716553
                ],
                [
                    -1.2454830056185529e-08,
                    0.8777095675468445,
                    0.47919294238090515,
                    0.7339439392089844
                ],
                [
                    0,
                    0,
                    0,
                    1
                ]
            ]
        },
        {
            "file_path": "015.png",
            "camera_angle_x": 0.6142155462129916,
            "proj_type": 0,
            "azimuth": 10.551165083926845,
            "elevation": 0.5642100819993043,
            "cam_dis": 2.864759545486921,
            "transform_matrix": [
                [
                    0.9028648138046265,
                    0.229901522397995,
                    -0.36329108476638794,
                    -1.0407415628433228
                ],
                [
                    -0.42992454767227173,
                    0.48280560970306396,
                    -0.7629309892654419,
                    -2.1856136322021484
                ],
                [
                    9.379718335367215e-09,
                    0.845011293888092,
                    0.5347484946250916,
                    1.5319257974624634
                ],
                [
                    0,
                    0,
                    0,
                    1
                ]
            ]
        },
        {
            "file_path": "016.png",
            "camera_angle_x": 0.4675762632962002,
            "proj_type": 0,
            "azimuth": 4.857028399295347,
            "elevation": 0.631435468826139,
            "cam_dis": 3.738278061195761,
            "transform_matrix": [
                [
                    0.9895579218864441,
                    -0.08508383482694626,
                    0.11634353548288345,
                    0.43492448329925537
                ],
                [
                    0.14413562417030334,
                    0.5841400623321533,
                    -0.7987523674964905,
                    -2.9859583377838135
                ],
                [
                    -7.889408237815587e-09,
                    0.8071810007095337,
                    0.5903040170669556,
                    2.2067205905914307
                ],
                [
                    0,
                    0,
                    0,
                    1
                ]
            ]
        },
        {
            "file_path": "017.png",
            "camera_angle_x": 0.9704136643811563,
            "proj_type": 0,
            "azimuth": 7.998621052885139,
            "elevation": 0.7021486858247172,
            "cam_dis": 1.856864290631605,
            "transform_matrix": [
                [
                    -0.9895579814910889,
                    0.09309139847755432,
                    -0.11004125326871872,
                    -0.204331636428833
                ],
                [
                    -0.14413565397262573,
                    -0.6391155123710632,
                    0.7554842233657837,
                    1.4028315544128418
                ],
                [
                    1.0043230247447354e-08,
                    0.7634562849998474,
                    0.6458595395088196,
                    1.1992735862731934
                ],
                [
                    0,
                    0,
                    0,
                    1
                ]
            ]
        },
        {
            "file_path": "018.png",
            "camera_angle_x": 0.2005469010352905,
            "proj_type": 0,
            "azimuth": 6.427824726090242,
            "elevation": 0.7773810465040718,
            "cam_dis": 8.65112733079657,
            "transform_matrix": [
                [
                    -0.14413556456565857,
                    -0.6940910816192627,
                    0.7053104043006897,
                    6.101729393005371
                ],
                [
                    0.9895581007003784,
                    -0.10109888762235641,
                    0.10273297876119614,
                    0.888757050037384
                ],
                [
                    -3.662395187120637e-08,
                    0.7127529978752136,
                    0.7014151811599731,
                    6.0680317878723145
                ],
                [
                    0,
                    0,
                    0,
                    1
                ]
            ]
        },
        {
            "file_path": "019.png",
            "camera_angle_x": 0.5905606456200293,
            "proj_type": 0,
            "azimuth": 9.569417379680036,
            "elevation": 0.8586647424605753,
            "cam_dis": 2.975949968911317,
            "transform_matrix": [
                [
                    0.14413562417030334,
                    0.7490664124488831,
                    -0.6466253995895386,
                    -1.9243249893188477
                ],
                [
                    -0.9895579218864441,
                    0.10910645872354507,
                    -0.0941852331161499,
                    -0.2802906036376953
                ],
                [
                    1.0907481140520758e-08,
                    0.653448760509491,
                    0.7569707632064819,
                    2.252707004547119
                ],
                [
                    0,
                    0,
                    0,
                    1
                ]
            ]
        },
        {
            "file_path": "020.png",
            "camera_angle_x": 0.21907059112680025,
            "proj_type": 0,
            "azimuth": 5.642426562692795,
            "elevation": 0.9484729045382423,
            "cam_dis": 7.9221915258731395,
            "transform_matrix": [
                [
                    0.5978038311004639,
                    -0.6513555645942688,
                    0.4672970473766327,
                    3.702016830444336
                ],
                [
                    0.8016424179077148,
                    0.4857313632965088,
                    -0.3484744727611542,
                    -2.7606821060180664
                ],
                [
                    -6.670621388593645e-08,
                    0.5829245448112488,
                    0.812526285648346,
                    6.436988830566406
                ],
                [
                    0,
                    0,
                    0,
                    1
                ]
            ]
        },
        {
            "file_path": "021.png",
            "camera_angle_x": 1.0631227615516812,
            "proj_type": 0,
            "azimuth": 8.784019216282587,
            "elevation": 1.051325163225703,
            "cam_dis": 1.708541634131756,
            "transform_matrix": [
                [
                    -0.5978038311004639,
                    0.6958912014961243,
                    -0.39795228838920593,
                    -0.6799179315567017
                ],
                [
                    -0.8016424179077148,
                    -0.5189425945281982,
                    0.29676252603530884,
                    0.5070310235023499
                ],
                [
                    2.258632747498268e-08,
                    0.496421217918396,
                    0.86808180809021,
                    1.4831539392471313
                ],
                [
                    0,
                    0,
                    0,
                    1
                ]
            ]
        },
        {
            "file_path": "022.png",
            "camera_angle_x": 1.0732591807329745,
            "proj_type": 0,
            "azimuth": 7.213222889487691,
            "elevation": 1.1774649583529389,
            "cam_dis": 1.6939629076471638,
            "transform_matrix": [
                [
                    -0.8016425371170044,
                    -0.552154004573822,
                    0.22911877930164337,
                    0.3881187438964844
                ],
                [
                    0.5978038907051086,
                    -0.7404270172119141,
                    0.3072434961795807,
                    0.5204590559005737
                ],
                [
                    9.711067505691062e-09,
                    0.38326749205589294,
                    0.9236373901367188,
                    1.5646075010299683
                ],
                [
                    0,
                    0,
                    0,
                    1
                ]
            ]
        },
        {
            "file_path": "023.png",
            "camera_angle_x": 0.5801829655968768,
            "proj_type": 0,
            "azimuth": 10.354815543077484,
            "elevation": 1.3664455452835615,
            "cam_dis": 3.027638605427397,
            "transform_matrix": [
                [
                    0.8016424179077148,
                    0.585365355014801,
                    -0.1213131844997406,
                    -0.3672926127910614
                ],
                [
                    -0.5978038907051086,
                    0.7849625945091248,
                    -0.16267837584018707,
                    -0.4925316870212555
                ],
                [
                    4.1787782123492434e-08,
                    0.20293137431144714,
                    0.9791929721832275,
                    2.964642286300659
                ],
                [
                    0,
                    0,
                    0,
                    1
                ]
            ]
        }
    ]
}